0 0.593750 0.387841 0.170991 0.320755
0 0.422759 0.395178 0.168632 0.301887
1 0.735849 0.362683 0.113208 0.316562
1 0.285377 0.371069 0.101415 0.287212
2 0.844929 0.371069 0.102594 0.345912
2 0.193986 0.410901 0.076651 0.324948
3 0.933962 0.404612 0.075472 0.262055
3 0.132075 0.427673 0.047170 0.253669
4 0.985849 0.428721 0.028302 0.230608
4 0.094340 0.460168 0.028302 0.192872
0 0.565448 0.564990 0.104953 0.293501
0 0.462854 0.560797 0.093160 0.285115
1 0.678066 0.594340 0.120283 0.276730
1 0.367335 0.566038 0.102594 0.257862
2 0.790684 0.580713 0.102594 0.362683
2 0.272406 0.593291 0.080189 0.228512
3 0.880307 0.633124 0.076651 0.220126
3 0.193986 0.635220 0.076651 0.140461
4 0.951061 0.624738 0.060142 0.182390
4 0.130307 0.629979 0.050708 0.146751
5 0.074882 0.628931 0.057783 0.136268
6 0.054835 0.579665 0.043632 0.062893