0 0.595519 0.406709 0.169811 0.318658
0 0.425118 0.405660 0.168632 0.312369
1 0.737618 0.383648 0.114387 0.310273
1 0.290094 0.387841 0.099057 0.285115
2 0.845519 0.388889 0.103774 0.350105
2 0.196344 0.407757 0.083726 0.278826
3 0.936910 0.419287 0.071934 0.268344
3 0.133844 0.435010 0.041274 0.228512
4 0.986439 0.446541 0.027122 0.222222
4 0.097877 0.457023 0.028302 0.188679
0 0.567217 0.587002 0.101415 0.293501
0 0.466981 0.585954 0.094340 0.278826
1 0.678656 0.617400 0.123821 0.266247
1 0.365566 0.604822 0.103774 0.278826
2 0.790684 0.595388 0.100236 0.364780
3 0.883255 0.657233 0.080189 0.199161
4 0.952241 0.643606 0.057783 0.176101