0 0.589033 0.408805 0.170991 0.358491
0 0.418632 0.418239 0.167453 0.352201
1 0.728184 0.377358 0.109670 0.329140
1 0.277123 0.407757 0.108491 0.318658
2 0.832547 0.359539 0.099057 0.360587
2 0.177476 0.446541 0.088443 0.354298
3 0.912736 0.372117 0.061321 0.297694
3 0.106722 0.470650 0.057783 0.276730
4 0.956368 0.404612 0.028302 0.232704
4 0.058962 0.486373 0.035377 0.245283
5 0.982311 0.400419 0.021226 0.215933
5 0.025354 0.477987 0.031840 0.224319
6 0.995873 0.386792 0.008254 0.129979
0 0.581368 0.809224 0.113208 0.299790
0 0.472288 0.811321 0.102594 0.303983
1 0.693396 0.802935 0.106132 0.299790
1 0.370873 0.836478 0.097877 0.324948
2 0.794811 0.798742 0.094340 0.383648
2 0.273585 0.833333 0.094340 0.331237
3 0.869693 0.778826 0.097877 0.318658
3 0.192217 0.842767 0.091981 0.299790
4 0.928066 0.744235 0.084906 0.215933
4 0.133255 0.835430 0.075472 0.234801
5 0.966981 0.721174 0.066038 0.178197
5 0.066038 0.829140 0.094340 0.192872
6 0.964623 0.605870 0.070754 0.069182
6 0.047170 0.751572 0.094340 0.163522
7 0.981722 0.566038 0.036556 0.052411
7 0.030660 0.677149 0.061320 0.069182