0 0.592571 0.324948 0.178066 0.348008
0 0.411557 0.325996 0.176887 0.345912
1 0.739976 0.308176 0.116745 0.322851
1 0.264741 0.313417 0.114387 0.308176
2 0.850236 0.322851 0.101415 0.352201
2 0.158608 0.356394 0.095519 0.352201
3 0.933962 0.344864 0.066038 0.308176
3 0.079009 0.393082 0.058962 0.270440
4 0.972288 0.400419 0.055424 0.247379
4 0.030660 0.412998 0.042453 0.247379
0 0.603184 0.788260 0.114387 0.293501
0 0.488797 0.778826 0.109670 0.278826
1 0.714033 0.801887 0.109670 0.316562
1 0.377948 0.810273 0.112028 0.316562
2 0.822524 0.801887 0.102594 0.396226
2 0.270047 0.817610 0.106132 0.364780
3 0.904481 0.792453 0.101415 0.318658
3 0.183962 0.825996 0.096698 0.318658
4 0.961675 0.791405 0.076650 0.283019
4 0.120283 0.823899 0.084906 0.247379
5 0.051887 0.818658 0.103774 0.207547
6 0.043042 0.703354 0.083726 0.098532
7 0.021226 0.657233 0.037736 0.048218