0 0.591981 0.386792 0.167453 0.322851
0 0.422170 0.394130 0.165094 0.312369
1 0.735849 0.368973 0.117925 0.299790
1 0.287146 0.373166 0.104953 0.287212
2 0.847288 0.373166 0.097877 0.345912
2 0.193396 0.408805 0.077830 0.312369
3 0.934552 0.406709 0.074292 0.253669
3 0.132075 0.431866 0.044811 0.253669
4 0.985849 0.431866 0.028302 0.232704
4 0.095519 0.455975 0.030660 0.201258
0 0.567217 0.560797 0.101415 0.259958
0 0.465802 0.567086 0.091981 0.268344
1 0.676887 0.601677 0.117925 0.262055
1 0.366156 0.568134 0.107311 0.257862
2 0.789505 0.589099 0.100236 0.379455
2 0.272995 0.560797 0.081368 0.209644
3 0.879127 0.631027 0.081368 0.220126
3 0.195165 0.617400 0.071934 0.096436
4 0.949292 0.626834 0.058962 0.186583
4 0.135024 0.629979 0.053066 0.129979
5 0.079009 0.612159 0.056604 0.106918
6 0.057193 0.577568 0.041274 0.058700