0 0.596108 0.415094 0.173349 0.318658
0 0.426297 0.419287 0.161557 0.327044
1 0.738208 0.373166 0.108491 0.314465
1 0.287736 0.411950 0.113208 0.291405
2 0.837264 0.355346 0.089623 0.358491
2 0.185142 0.442348 0.089623 0.339623
3 0.913915 0.372117 0.063679 0.287212
3 0.111439 0.472746 0.057783 0.257862
4 0.958726 0.397275 0.030660 0.232704
4 0.066038 0.489518 0.037736 0.211740
5 0.986439 0.394130 0.022406 0.209644
5 0.028892 0.488470 0.031840 0.188679
0 0.599646 0.817610 0.112028 0.285115
0 0.489387 0.827044 0.103774 0.283019
1 0.707547 0.815514 0.103774 0.280922
1 0.386203 0.849057 0.104953 0.293501
2 0.806604 0.793501 0.094340 0.345912
2 0.287146 0.840671 0.093160 0.318658
3 0.884434 0.775681 0.089623 0.285115
3 0.207547 0.841719 0.089623 0.266247
4 0.939858 0.761006 0.080189 0.230608
4 0.146816 0.846960 0.074292 0.234801
5 0.972877 0.724319 0.054245 0.169811
5 0.081958 0.844864 0.093160 0.188679
6 0.968160 0.614256 0.063679 0.062893
6 0.053656 0.756813 0.107311 0.155136
7 0.988797 0.559748 0.022406 0.046122
7 0.039505 0.699161 0.069575 0.081761