0 0.587854 0.393082 0.180425 0.360587
0 0.407429 0.386792 0.178066 0.352201
1 0.741156 0.376310 0.130896 0.339623
1 0.270047 0.280922 0.082547 0.144654
2 0.864387 0.389937 0.117925 0.371069
2 0.162146 0.262055 0.067217 0.085954
3 0.961675 0.409853 0.074292 0.310273
0 0.564269 0.574423 0.116745 0.333333
0 0.450472 0.572327 0.101415 0.329140
1 0.680425 0.603774 0.117925 0.329140
1 0.343160 0.658281 0.099057 0.186583
2 0.795991 0.624738 0.110849 0.392034
3 0.896226 0.674004 0.087264 0.201258
4 0.968750 0.664570 0.062500 0.199161