0 0.591392 0.397275 0.173349 0.333333
0 0.423349 0.400419 0.162736 0.314465
1 0.734670 0.383648 0.113208 0.306080
1 0.288915 0.379455 0.103774 0.289308
2 0.844929 0.378407 0.104953 0.341719
2 0.195165 0.406709 0.079009 0.301887
3 0.935142 0.412998 0.073113 0.268344
3 0.132665 0.438155 0.045991 0.243187
4 0.985849 0.441300 0.028302 0.224319
0 0.571344 0.568134 0.104953 0.280922
0 0.461675 0.570231 0.104953 0.289308
1 0.682193 0.602725 0.114387 0.249476
1 0.370873 0.614256 0.081368 0.230608
2 0.787736 0.599581 0.099057 0.381551
3 0.879717 0.637317 0.080189 0.226415
4 0.949882 0.635220 0.060142 0.180294
4 0.096108 0.453878 0.024764 0.178197