0 0.596698 0.402516 0.169811 0.331237
0 0.426887 0.411950 0.174528 0.329140
1 0.737618 0.363732 0.109670 0.324948
1 0.284788 0.399371 0.107311 0.295597
2 0.840212 0.354298 0.093160 0.356394
2 0.185731 0.436059 0.090802 0.343816
3 0.915094 0.366876 0.056604 0.276730
3 0.110259 0.457023 0.057783 0.285115
4 0.959316 0.389937 0.029481 0.234801
4 0.061910 0.481132 0.036557 0.224319
5 0.985849 0.389937 0.028302 0.218029
5 0.025943 0.475891 0.033019 0.192872
0 0.593160 0.797694 0.110849 0.283019
0 0.483491 0.799790 0.108491 0.283019
1 0.702241 0.794549 0.104953 0.293501
1 0.380307 0.827044 0.095519 0.308176
2 0.801887 0.785115 0.094340 0.366876
2 0.283019 0.824948 0.094340 0.329140
3 0.877948 0.758910 0.093160 0.285115
3 0.203420 0.833333 0.093160 0.278826
4 0.934552 0.748428 0.081368 0.218029
4 0.140920 0.827044 0.076651 0.211740
5 0.975236 0.713836 0.049528 0.157233
5 0.080778 0.828092 0.097877 0.188679
6 0.968750 0.599581 0.062500 0.067086
6 0.050118 0.734801 0.100236 0.132075
7 0.041274 0.675052 0.056604 0.067086