0 0.585495 0.392034 0.175708 0.318658
0 0.412736 0.393082 0.165094 0.312369
1 0.729363 0.371069 0.116745 0.306080
1 0.281250 0.373166 0.097877 0.285115
2 0.841392 0.365828 0.107311 0.350105
2 0.189269 0.396226 0.086085 0.331237
3 0.929245 0.390985 0.068396 0.270440
3 0.120873 0.431866 0.045991 0.238994
4 0.981722 0.428721 0.036556 0.224319
4 0.081368 0.432914 0.030660 0.199161
0 0.556604 0.571279 0.094340 0.270440
0 0.457547 0.574423 0.101415 0.272537
1 0.667453 0.589099 0.125000 0.280922
1 0.353184 0.602725 0.102594 0.266247
2 0.780660 0.579665 0.099057 0.371069
2 0.252948 0.647799 0.095519 0.306080
3 0.871462 0.620545 0.082547 0.226415
3 0.176297 0.618449 0.057783 0.117400
4 0.942807 0.618449 0.060142 0.180294
4 0.125000 0.606918 0.042453 0.102725
5 0.071934 0.590147 0.054245 0.090147