0 0.553066 0.423480 0.181604 0.352201
0 0.373231 0.411950 0.168632 0.329140
0 0.528892 0.666667 0.107311 0.234801
1 0.706958 0.408805 0.128538 0.322851
1 0.238208 0.357442 0.099057 0.236897
1 0.641509 0.650943 0.113208 0.295597
2 0.833137 0.406709 0.114387 0.373166
2 0.128538 0.312369 0.070755 0.146751
2 0.757075 0.651992 0.108491 0.389937
3 0.928066 0.419287 0.077830 0.306080
3 0.063679 0.352201 0.037736 0.092243
3 0.856722 0.697065 0.088443 0.207547
4 0.984080 0.459119 0.031840 0.230608
4 0.935142 0.667715 0.063679 0.199161
5 0.983491 0.645702 0.033018 0.142558