0 0.593160 0.318658 0.181604 0.343816
0 0.411557 0.321803 0.181604 0.337526
1 0.744104 0.307128 0.115566 0.316562
1 0.262972 0.307128 0.113208 0.299790
2 0.852005 0.319706 0.102594 0.362683
2 0.159198 0.354298 0.094340 0.348008
3 0.935731 0.340671 0.067217 0.299790
3 0.080778 0.376310 0.062500 0.291405
4 0.973467 0.396226 0.050708 0.247379
4 0.030071 0.409853 0.038915 0.228512
0 0.601415 0.780922 0.115566 0.287212
0 0.488208 0.778826 0.108491 0.291405
1 0.379127 0.798742 0.109670 0.318658
2 0.270637 0.812369 0.102594 0.375262
2 0.823113 0.789308 0.108491 0.396226
3 0.907429 0.767296 0.097877 0.293501
3 0.185731 0.817610 0.100236 0.318658
4 0.961675 0.778826 0.076650 0.270440
4 0.120283 0.803983 0.084906 0.228512
5 0.051887 0.813417 0.103774 0.197065
6 0.041863 0.719078 0.083726 0.129979
7 0.022995 0.649895 0.041274 0.054507