0 0.593750 0.318658 0.178066 0.350105
0 0.410967 0.317610 0.178066 0.343816
1 0.742925 0.306080 0.115566 0.316562
1 0.261792 0.310273 0.120283 0.299790
2 0.853184 0.318658 0.102594 0.362683
2 0.156840 0.351153 0.091981 0.360587
3 0.935731 0.343816 0.062500 0.308176
3 0.079599 0.384696 0.060142 0.280922
4 0.975825 0.393082 0.043632 0.247379
4 0.028892 0.408805 0.038915 0.245283
0 0.487028 0.771488 0.110849 0.295597
1 0.375590 0.799790 0.112028 0.318658
2 0.822524 0.792453 0.107311 0.400419
2 0.268278 0.810273 0.104953 0.368973
3 0.904481 0.781971 0.099057 0.333333
3 0.183373 0.812369 0.097877 0.314465
4 0.962854 0.780922 0.074292 0.272537
4 0.117925 0.812369 0.084906 0.247379
5 0.050118 0.805031 0.100236 0.199161
6 0.035377 0.697065 0.070754 0.104822
7 0.022406 0.649895 0.044811 0.052411