0 0.576651 0.457023 0.172170 0.329140
0 0.406840 0.460168 0.165094 0.335430
1 0.720519 0.419287 0.110849 0.308176
1 0.270637 0.443396 0.107311 0.293501
2 0.824882 0.402516 0.100236 0.345912
2 0.174528 0.472746 0.082547 0.335430
3 0.908019 0.419287 0.063679 0.270440
3 0.107901 0.494759 0.050708 0.266247
4 0.958137 0.442348 0.034198 0.224319
4 0.064858 0.511530 0.033019 0.228512
5 0.988208 0.426625 0.023584 0.197065
5 0.034198 0.486373 0.025943 0.178197
0 0.555425 0.617400 0.103774 0.331237
0 0.452241 0.612159 0.102594 0.329140
1 0.663325 0.644654 0.114387 0.276730
1 0.347288 0.660377 0.104953 0.283019
2 0.771226 0.639413 0.096698 0.371069
2 0.246462 0.726415 0.096698 0.276730
3 0.857311 0.668763 0.073113 0.194969
3 0.165094 0.719078 0.066038 0.161426
4 0.922170 0.644654 0.061321 0.184486
4 0.107311 0.697065 0.049528 0.146751
5 0.975825 0.635220 0.045991 0.161426
5 0.048939 0.692872 0.064858 0.142558