0 0.523629 0.117696 0.092029 0.185309
0 0.426625 0.122705 0.101978 0.181970
1 0.620633 0.147746 0.097004 0.198664
1 0.330243 0.156928 0.088298 0.180301
2 0.701469 0.196160 0.111927 0.175292
2 0.246920 0.229549 0.120633 0.185309
3 0.756189 0.317195 0.129338 0.183639
3 0.184116 0.361436 0.139287 0.191987
4 0.800960 0.467446 0.144262 0.196995
4 0.153025 0.519199 0.141775 0.196995
5 0.809666 0.695326 0.206444 0.265442
5 0.137479 0.747913 0.187789 0.283806
6 0.857546 0.906511 0.192764 0.186978
6 0.093302 0.930718 0.186603 0.131886