0 0.555425 0.421384 0.181604 0.364780
0 0.375590 0.406709 0.175708 0.301887
1 0.709906 0.398323 0.127358 0.335430
2 0.831368 0.409853 0.110849 0.375262
3 0.926887 0.423480 0.080189 0.314465
4 0.984080 0.462264 0.031840 0.253669
1 0.650943 0.638365 0.113208 0.337526
2 0.764151 0.646751 0.108491 0.408805
3 0.862618 0.703354 0.083726 0.211740
4 0.933962 0.680294 0.073113 0.207547
5 0.985849 0.651992 0.028302 0.134172
1 0.237028 0.316562 0.099057 0.138365
2 0.124410 0.307128 0.069575 0.132075
0 0.528302 0.681342 0.113208 0.163522