0 0.594929 0.325996 0.178066 0.345912
0 0.415684 0.323899 0.178066 0.333333
1 0.744693 0.315514 0.114387 0.320755
1 0.266509 0.314465 0.117925 0.301887
2 0.854953 0.320755 0.101415 0.360587
2 0.159198 0.353249 0.091981 0.345912
3 0.936910 0.350105 0.062500 0.297694
3 0.083137 0.386792 0.060142 0.274633
4 0.975236 0.401468 0.047170 0.241090
4 0.032429 0.412998 0.041274 0.238994
0 0.604363 0.786164 0.114387 0.289308
0 0.489976 0.783019 0.112028 0.287212
1 0.381486 0.803983 0.109670 0.312369
2 0.274175 0.811321 0.104953 0.356394
2 0.827830 0.765199 0.091981 0.331237
3 0.905660 0.767296 0.094340 0.285115
3 0.188679 0.815514 0.099057 0.301887
4 0.962854 0.776730 0.074292 0.270440
4 0.122642 0.811321 0.087264 0.230608
5 0.053066 0.810273 0.103774 0.199161
6 0.040684 0.700210 0.081368 0.096436
7 0.025354 0.649895 0.048349 0.054507