0 0.591392 0.321803 0.180425 0.337526
0 0.408608 0.316562 0.175708 0.335430
1 0.740566 0.307128 0.113208 0.320755
1 0.259434 0.309224 0.113208 0.295597
2 0.849057 0.320755 0.103774 0.356394
2 0.155660 0.355346 0.094340 0.345912
3 0.935142 0.343816 0.061321 0.301887
3 0.072524 0.384696 0.050708 0.270440
4 0.971108 0.395178 0.050708 0.236897
4 0.025943 0.415094 0.033019 0.234801
0 0.603774 0.770440 0.113208 0.274633
0 0.488208 0.774633 0.106132 0.283019
1 0.717571 0.783019 0.112028 0.316562
1 0.377358 0.791405 0.108491 0.299790
2 0.272406 0.809224 0.106132 0.368973
3 0.182783 0.810273 0.096698 0.320755
3 0.903302 0.766247 0.089623 0.308176
4 0.119693 0.805031 0.081368 0.238994
4 0.963443 0.772537 0.073113 0.266247
5 0.050118 0.805031 0.097877 0.192872
6 0.042453 0.705451 0.084906 0.115304
7 0.022406 0.639413 0.037736 0.046122