0 0.572524 0.397275 0.175708 0.335430
0 0.397995 0.395178 0.173349 0.327044
1 0.720519 0.378407 0.122642 0.314465
1 0.258844 0.373166 0.102594 0.291405
2 0.838443 0.383648 0.110849 0.345912
2 0.168632 0.401468 0.082547 0.343816
3 0.929245 0.399371 0.075472 0.301887
3 0.100825 0.415094 0.041274 0.270440
4 0.983491 0.442348 0.033018 0.224319
4 0.066038 0.443396 0.030660 0.197065
0 0.547759 0.573375 0.102594 0.318658
0 0.437500 0.554507 0.103774 0.318658
1 0.662146 0.600629 0.107311 0.297694
1 0.335495 0.589099 0.097877 0.303983
2 0.767099 0.604822 0.100236 0.389937
2 0.231132 0.654088 0.103774 0.320755
3 0.863797 0.626834 0.095519 0.295597
3 0.158608 0.628931 0.079009 0.266247
4 0.935731 0.622642 0.069575 0.236897
4 0.101415 0.627883 0.049528 0.167715
5 0.984670 0.617400 0.030660 0.146751
5 0.044811 0.616876 0.061321 0.156184
5 0.039505 0.480084 0.024764 0.069182
6 0.023585 0.596436 0.047170 0.132075