0 0.577241 0.444444 0.173349 0.341719
0 0.405071 0.451782 0.166274 0.348008
1 0.720519 0.415094 0.108491 0.320755
1 0.268278 0.443396 0.107311 0.293501
2 0.824292 0.401468 0.096698 0.343816
2 0.173349 0.471698 0.080189 0.350105
3 0.906840 0.408805 0.068396 0.303983
3 0.106722 0.491614 0.055425 0.272537
4 0.958137 0.438155 0.034198 0.249476
4 0.061321 0.502096 0.033019 0.218029
5 0.987618 0.421384 0.024764 0.199161
5 0.033608 0.482180 0.022406 0.169811
0 0.555425 0.615304 0.110849 0.339623
0 0.451061 0.610063 0.097877 0.324948
1 0.664505 0.641509 0.107311 0.274633
1 0.348467 0.650943 0.104953 0.285115
2 0.770047 0.634172 0.101415 0.364780
2 0.247642 0.722222 0.099057 0.268344
3 0.859080 0.678197 0.079009 0.213836
3 0.165094 0.731656 0.066038 0.174004
4 0.923349 0.653040 0.061321 0.180294
4 0.109080 0.704403 0.050708 0.153040
5 0.974057 0.636268 0.051886 0.142558
5 0.049528 0.691824 0.063679 0.153040