0 0.587854 0.380503 0.185142 0.373166
0 0.405071 0.384696 0.178066 0.343816
1 0.744104 0.374214 0.125000 0.331237
1 0.267099 0.279874 0.086085 0.150943
2 0.865566 0.381551 0.117925 0.371069
2 0.161557 0.255765 0.073113 0.102725
3 0.962854 0.404612 0.074292 0.316562
0 0.563090 0.582809 0.114387 0.341719
0 0.449292 0.564990 0.101415 0.318658
1 0.679245 0.602725 0.122642 0.339623
1 0.344929 0.650943 0.093160 0.197065
2 0.795991 0.625786 0.110849 0.398323
3 0.895637 0.669811 0.088443 0.213836
4 0.969340 0.666667 0.061320 0.211740