0 0.555536 0.110184 0.134455 0.173623
0 0.421081 0.112688 0.134455 0.181970
1 0.673183 0.153589 0.109610 0.153589
1 0.312933 0.157763 0.116917 0.155259
2 0.741872 0.252922 0.130070 0.155259
2 0.236206 0.249583 0.138839 0.158598
3 0.780601 0.383973 0.140300 0.146912
3 0.191631 0.388147 0.160761 0.141903
4 0.805446 0.499165 0.149069 0.113523
4 0.165325 0.515025 0.163684 0.128548
5 0.818599 0.663606 0.192913 0.212020
5 0.151441 0.687813 0.200220 0.220367
6 0.859520 0.818030 0.166607 0.200334
6 0.120020 0.860601 0.198759 0.198664
7 0.886557 0.939065 0.162222 0.121870