0 0.594340 0.407757 0.169811 0.316562
0 0.424528 0.401468 0.167453 0.320755
1 0.737618 0.382600 0.112028 0.299790
1 0.289505 0.385744 0.102594 0.285115
2 0.848467 0.386792 0.107311 0.329140
2 0.199292 0.417191 0.077830 0.322851
3 0.938679 0.414046 0.073113 0.274633
3 0.136203 0.436059 0.048349 0.264151
4 0.988208 0.445493 0.023584 0.224319
4 0.097877 0.473795 0.030660 0.192872
0 0.565448 0.585954 0.107311 0.291405
0 0.462854 0.582809 0.095519 0.289308
1 0.678066 0.609015 0.115566 0.278826
1 0.365566 0.602725 0.099057 0.274633
2 0.786557 0.598532 0.106132 0.375262
2 0.274764 0.620545 0.077830 0.243187
3 0.883255 0.654088 0.082547 0.226415
3 0.198703 0.645702 0.074292 0.134172
4 0.953420 0.646751 0.055425 0.186583
4 0.134434 0.648847 0.051887 0.157233
5 0.082547 0.637317 0.047170 0.117400
6 0.067217 0.598532 0.035377 0.056604