0 0.596698 0.323899 0.174528 0.352201
0 0.418632 0.317610 0.179245 0.352201
1 0.747052 0.302935 0.119104 0.327044
1 0.267689 0.311321 0.120283 0.297694
2 0.856132 0.317610 0.099057 0.356394
2 0.162736 0.353249 0.089623 0.352201
3 0.939858 0.343816 0.063679 0.303983
3 0.085495 0.384696 0.064858 0.280922
4 0.973467 0.398323 0.043632 0.241090
4 0.033608 0.414046 0.041274 0.238994
0 0.608491 0.788260 0.106132 0.287212
0 0.494693 0.797694 0.114387 0.306080
1 0.718750 0.797694 0.112028 0.314465
1 0.385024 0.811321 0.107311 0.324948
2 0.829009 0.801363 0.103774 0.397274
2 0.277123 0.812893 0.106132 0.374214
3 0.910967 0.789308 0.095519 0.314465
3 0.192807 0.822851 0.093160 0.318658
4 0.123231 0.815514 0.086085 0.236897
4 0.965802 0.792453 0.068396 0.270440
5 0.055425 0.815514 0.106132 0.199161
6 0.042453 0.706499 0.084906 0.098532
7 0.028302 0.656184 0.047170 0.048218