0 0.576061 0.442348 0.173349 0.324948
0 0.406250 0.447589 0.161557 0.322851
1 0.717571 0.405660 0.112028 0.318658
1 0.269458 0.438155 0.112028 0.283019
2 0.823703 0.395178 0.097877 0.348008
2 0.170401 0.464361 0.086085 0.335430
3 0.905660 0.412998 0.066038 0.278826
3 0.102594 0.486373 0.049528 0.266247
4 0.957547 0.433962 0.033019 0.215933
4 0.063090 0.493711 0.034198 0.226415
5 0.987618 0.414046 0.024764 0.184486
5 0.031840 0.475891 0.030660 0.186583
0 0.551297 0.610063 0.107311 0.316562
0 0.448113 0.611111 0.094340 0.310273
1 0.662736 0.632075 0.117925 0.268344
1 0.346698 0.636268 0.108491 0.293501
2 0.768868 0.624738 0.094340 0.371069
2 0.244693 0.712788 0.095519 0.262055
3 0.854953 0.667715 0.080189 0.197065
3 0.160377 0.716981 0.070755 0.169811
4 0.916863 0.644654 0.069575 0.180294
4 0.103184 0.689727 0.043632 0.132075
5 0.975236 0.614256 0.049528 0.148847
5 0.047759 0.680294 0.067217 0.142558