0 0.595519 0.389937 0.183962 0.354298
0 0.410377 0.381551 0.169811 0.341719
1 0.750000 0.375262 0.125000 0.337526
1 0.271816 0.253669 0.076651 0.102725
2 0.870873 0.384696 0.116745 0.377358
3 0.964623 0.410901 0.070754 0.320755
0 0.570165 0.577568 0.112028 0.318658
0 0.453420 0.577568 0.104953 0.318658
1 0.686321 0.606918 0.127358 0.327044
1 0.346108 0.655136 0.100236 0.205451
2 0.803656 0.619497 0.107311 0.402516
3 0.900943 0.683438 0.084906 0.224319
4 0.971698 0.666667 0.056604 0.199161
2 0.167453 0.249476 0.061321 0.090147