0 0.590802 0.318658 0.181604 0.343816
0 0.409198 0.314465 0.176887 0.335430
1 0.740566 0.306080 0.115566 0.314465
1 0.260613 0.302935 0.115566 0.295597
2 0.850825 0.313417 0.100236 0.354298
2 0.155071 0.353249 0.090802 0.350105
3 0.935142 0.341719 0.063679 0.310273
3 0.079009 0.381551 0.063679 0.280922
4 0.974057 0.392034 0.051886 0.264151
4 0.027123 0.411950 0.033019 0.232704
0 0.602005 0.778826 0.114387 0.291405
0 0.488208 0.779874 0.113208 0.293501
1 0.376769 0.800839 0.107311 0.318658
2 0.271226 0.809224 0.101415 0.381551
2 0.824882 0.783019 0.088443 0.392034
3 0.903302 0.772537 0.089623 0.308176
3 0.181604 0.817610 0.099057 0.322851
4 0.962264 0.773585 0.075472 0.268344
4 0.117335 0.809224 0.081368 0.243187
5 0.052476 0.810273 0.102594 0.199161
6 0.045991 0.715933 0.089623 0.115304
7 0.022995 0.643606 0.041274 0.054507