0 0.590802 0.399371 0.172170 0.324948
0 0.422170 0.397275 0.165094 0.320755
1 0.734080 0.380503 0.109670 0.308176
1 0.288915 0.374214 0.103774 0.299790
2 0.842571 0.378407 0.107311 0.345912
2 0.195165 0.412998 0.081368 0.327044
3 0.935731 0.409853 0.071934 0.270440
3 0.132075 0.437107 0.047170 0.249476
4 0.985259 0.435010 0.029481 0.228512
4 0.093160 0.457023 0.025943 0.213836
0 0.563090 0.579665 0.109670 0.287212
0 0.458726 0.572327 0.091981 0.276730
1 0.674528 0.599581 0.117925 0.285115
1 0.360259 0.590147 0.102594 0.287212
2 0.788325 0.591195 0.104953 0.373166
2 0.266509 0.611111 0.084906 0.236897
3 0.882665 0.617400 0.079009 0.278826
3 0.188679 0.636268 0.070755 0.174004
4 0.951651 0.637317 0.054245 0.188679
4 0.130896 0.644654 0.044811 0.165618
5 0.079009 0.631027 0.054245 0.129979
6 0.056604 0.585954 0.040094 0.060797