0 0.585495 0.389937 0.170991 0.314465
0 0.413325 0.397275 0.166274 0.308176
1 0.727594 0.364780 0.110849 0.301887
1 0.278892 0.368973 0.093160 0.293501
2 0.837854 0.362683 0.109670 0.339623
2 0.190448 0.400419 0.081368 0.327044
3 0.928656 0.392034 0.074292 0.268344
3 0.124410 0.426625 0.045991 0.241090
4 0.981722 0.429769 0.036556 0.222222
4 0.086085 0.439203 0.028302 0.228512
0 0.559552 0.554507 0.102594 0.291405
0 0.452830 0.561845 0.103774 0.310273
1 0.673349 0.577568 0.127358 0.278826
1 0.350825 0.584906 0.095519 0.306080
2 0.784788 0.591195 0.100236 0.385744
2 0.256486 0.633124 0.095519 0.314465
3 0.873231 0.633124 0.076651 0.201258
3 0.178066 0.632075 0.061321 0.132075
4 0.942807 0.616352 0.064858 0.171908
4 0.123821 0.618449 0.047170 0.138365
5 0.071934 0.612159 0.051887 0.125786