0 0.594929 0.324948 0.180425 0.348008
0 0.412146 0.325996 0.180425 0.329140
1 0.746462 0.306080 0.115566 0.318658
1 0.264741 0.319706 0.116745 0.287212
2 0.854953 0.316562 0.096698 0.360587
2 0.161557 0.355346 0.091981 0.358491
3 0.937500 0.341719 0.068396 0.297694
3 0.080189 0.385744 0.056604 0.276730
4 0.972877 0.397275 0.049528 0.241090
4 0.032429 0.418239 0.036557 0.224319
0 0.607311 0.784067 0.113208 0.289308
0 0.492925 0.783019 0.108491 0.287212
1 0.722288 0.783019 0.112028 0.303983
1 0.384434 0.802935 0.110849 0.322851
2 0.827830 0.746331 0.099057 0.310273
2 0.275943 0.808176 0.101415 0.375262
3 0.910377 0.748428 0.089623 0.264151
3 0.186910 0.807128 0.088443 0.314465
4 0.964623 0.773585 0.070754 0.255765
4 0.126179 0.802935 0.082547 0.238994
5 0.057783 0.808176 0.106132 0.194969
6 0.045991 0.706499 0.091981 0.113208
7 0.024175 0.645702 0.038915 0.041929