0 0.563679 0.400419 0.176887 0.322851
0 0.391509 0.345912 0.160377 0.180294
1 0.718160 0.408805 0.120283 0.331237
2 0.837264 0.409853 0.117925 0.366876
3 0.934552 0.425577 0.076651 0.318658
4 0.986439 0.461216 0.027122 0.259958
1 0.653302 0.636268 0.117925 0.337526
2 0.772406 0.629979 0.122642 0.442348
3 0.876179 0.694969 0.082547 0.224319
4 0.945755 0.687631 0.066038 0.209644
5 0.988797 0.656184 0.022406 0.138365
2 0.142099 0.280922 0.053066 0.058700
1 0.238208 0.267296 0.070755 0.056604
0 0.535377 0.665618 0.099057 0.203354