0 0.590212 0.322851 0.178066 0.335430
0 0.411557 0.327044 0.174528 0.322851
1 0.742335 0.309224 0.116745 0.312369
1 0.261203 0.311321 0.123821 0.295597
2 0.850825 0.311321 0.100236 0.371069
2 0.153302 0.351153 0.089623 0.350105
3 0.933962 0.340671 0.066038 0.295597
3 0.074882 0.381551 0.055425 0.285115
4 0.972877 0.394130 0.054245 0.243187
4 0.024764 0.408805 0.037736 0.251572
0 0.600236 0.792453 0.110849 0.297694
0 0.487618 0.793501 0.112028 0.303983
1 0.377358 0.800839 0.110849 0.314465
2 0.823113 0.784067 0.099057 0.385744
2 0.270047 0.811321 0.101415 0.364780
3 0.905071 0.781971 0.095519 0.322851
3 0.183373 0.830189 0.095519 0.339622
4 0.117925 0.809224 0.084906 0.234801
4 0.962264 0.787212 0.075472 0.278826
5 0.051297 0.813417 0.102594 0.205451
6 0.043042 0.705451 0.086084 0.115304
7 0.021226 0.647799 0.033019 0.050314