0 0.556604 0.420335 0.183962 0.350105
0 0.376769 0.416143 0.170991 0.337526
1 0.713443 0.404612 0.127358 0.327044
2 0.834906 0.407757 0.108491 0.362683
3 0.929245 0.422432 0.075472 0.299790
4 0.983491 0.459119 0.033018 0.247379
1 0.645637 0.638365 0.126179 0.337526
2 0.762382 0.655136 0.102594 0.396226
3 0.861439 0.697065 0.095519 0.211740
4 0.936321 0.676101 0.077830 0.203354
5 0.987028 0.646751 0.025943 0.123690
1 0.239976 0.360587 0.095519 0.243187
2 0.136203 0.327044 0.081368 0.159329
3 0.066038 0.356394 0.047170 0.113208
0 0.520637 0.680294 0.114387 0.174004