0 0.593160 0.316562 0.176887 0.339623
0 0.413325 0.322851 0.180425 0.335430
1 0.743514 0.303983 0.119104 0.314465
1 0.265920 0.313417 0.112028 0.299790
2 0.854953 0.318658 0.101415 0.356394
2 0.158608 0.356394 0.097877 0.352201
3 0.937500 0.349057 0.063679 0.299790
3 0.079599 0.388889 0.055425 0.270440
4 0.974057 0.397275 0.051886 0.236897
4 0.029481 0.411950 0.037736 0.228512
0 0.603774 0.781971 0.120283 0.280922
0 0.488208 0.780922 0.108491 0.291405
1 0.715212 0.786164 0.112028 0.314465
1 0.380307 0.799790 0.109670 0.312369
2 0.822524 0.750524 0.102594 0.318658
2 0.272406 0.812369 0.101415 0.375262
3 0.908019 0.756813 0.099057 0.272537
3 0.186910 0.814465 0.097877 0.308176
4 0.963443 0.776730 0.073113 0.266247
4 0.120283 0.809224 0.082547 0.234801
5 0.053656 0.807128 0.107311 0.197065
6 0.045401 0.706499 0.090802 0.100629
7 0.022995 0.650943 0.045990 0.056604