0 0.582547 0.400419 0.169811 0.358491
0 0.412736 0.416143 0.169811 0.339623
1 0.722877 0.371069 0.110849 0.329140
1 0.273585 0.412998 0.113208 0.303983
2 0.825472 0.360587 0.094340 0.358491
2 0.169222 0.440252 0.090802 0.354298
3 0.903302 0.370021 0.061321 0.293501
3 0.097288 0.468553 0.053066 0.276730
4 0.949292 0.400419 0.030660 0.241090
4 0.051887 0.486373 0.035377 0.232704
5 0.975825 0.394130 0.020047 0.207547
5 0.015920 0.489518 0.031840 0.201258
6 0.992925 0.393082 0.014150 0.146751
0 0.576061 0.811321 0.112028 0.291405
0 0.466981 0.813417 0.103774 0.295597
1 0.685731 0.805031 0.109670 0.295597
1 0.364976 0.834382 0.100236 0.316562
2 0.790684 0.795597 0.097877 0.377358
2 0.267099 0.835430 0.097877 0.322851
3 0.867925 0.785115 0.094340 0.314465
3 0.188679 0.841719 0.089623 0.280922
4 0.922170 0.761006 0.080189 0.241090
4 0.129127 0.837526 0.074292 0.226415
5 0.968750 0.733753 0.062500 0.186583
5 0.063090 0.836478 0.100236 0.199161
6 0.966981 0.607966 0.066038 0.064990
6 0.046580 0.753669 0.090802 0.150943
7 0.979953 0.553459 0.040094 0.044025
7 0.032429 0.680294 0.057783 0.071279