0 0.585495 0.402516 0.175708 0.327044
0 0.415094 0.400419 0.165094 0.314465
1 0.731132 0.379455 0.115566 0.301887
1 0.283019 0.378407 0.101415 0.295597
2 0.844340 0.377358 0.106132 0.343816
2 0.192217 0.415094 0.077830 0.322851
3 0.930425 0.405660 0.073113 0.262055
3 0.126179 0.441300 0.049528 0.253669
4 0.983491 0.440252 0.033018 0.230608
4 0.087854 0.457023 0.027123 0.213836
0 0.561321 0.575472 0.103774 0.299790
0 0.460495 0.581761 0.097877 0.303983
1 0.674528 0.611111 0.122642 0.270440
1 0.360259 0.601677 0.097877 0.314465
2 0.784198 0.602725 0.096698 0.371069
2 0.265330 0.638365 0.091981 0.278826
3 0.875000 0.660377 0.080189 0.230608
3 0.186321 0.662474 0.070755 0.171908
4 0.946934 0.632075 0.063679 0.186583
4 0.130307 0.650943 0.038915 0.165618
5 0.079009 0.637317 0.061321 0.134172