0 0.580189 0.388889 0.169811 0.350105
0 0.408608 0.399371 0.168632 0.345912
1 0.720519 0.351153 0.110849 0.329140
1 0.270047 0.395178 0.108491 0.295597
2 0.821344 0.342767 0.093160 0.358491
2 0.172170 0.423480 0.084906 0.352201
3 0.900354 0.360587 0.064858 0.293501
3 0.097288 0.454927 0.062500 0.272537
4 0.945165 0.382600 0.027123 0.249476
4 0.048349 0.471698 0.033019 0.226415
5 0.972877 0.370021 0.025943 0.228512
5 0.015330 0.458071 0.030660 0.199161
6 0.992335 0.368973 0.015330 0.155136
0 0.571934 0.785115 0.110849 0.295597
0 0.463443 0.789308 0.106132 0.287212
1 0.681014 0.781971 0.107311 0.297694
1 0.361439 0.810273 0.097877 0.316562
2 0.785377 0.771488 0.099057 0.364780
2 0.264741 0.821803 0.095519 0.343816
3 0.863797 0.750524 0.093160 0.301887
3 0.183373 0.821803 0.090802 0.293501
4 0.915094 0.742138 0.080189 0.251572
4 0.126769 0.816562 0.071934 0.220126
5 0.966981 0.713836 0.066038 0.186583
5 0.061321 0.814465 0.096698 0.190776
6 0.962854 0.585954 0.074292 0.060797
6 0.043042 0.727463 0.086084 0.150943
7 0.980542 0.541929 0.038915 0.048218
7 0.027712 0.657233 0.053066 0.069182