0 0.578420 0.461216 0.173349 0.339623
0 0.406250 0.470650 0.170991 0.333333
1 0.718750 0.430818 0.107311 0.303983
1 0.268868 0.453878 0.101415 0.291405
2 0.824292 0.412998 0.101415 0.348008
2 0.175708 0.482180 0.082547 0.335430
3 0.909788 0.431866 0.064858 0.268344
3 0.109670 0.505241 0.054245 0.264151
4 0.956958 0.459119 0.029481 0.205451
4 0.065448 0.522013 0.031840 0.209644
5 0.984670 0.446541 0.025943 0.201258
5 0.035967 0.497904 0.029481 0.186583
0 0.554245 0.644654 0.108491 0.262055
0 0.449882 0.642558 0.100236 0.270440
1 0.667453 0.655136 0.113208 0.262055
1 0.346698 0.663522 0.099057 0.274633
2 0.769458 0.644654 0.093160 0.358491
2 0.248231 0.726415 0.095519 0.274633
3 0.856132 0.680294 0.077830 0.211740
3 0.168632 0.729560 0.068396 0.150943
4 0.923939 0.663522 0.057783 0.194969
4 0.110259 0.712788 0.050708 0.159329
5 0.976415 0.639413 0.047170 0.155136
5 0.052476 0.699161 0.067217 0.136268