0 0.584906 0.404612 0.169811 0.354298
0 0.415094 0.418239 0.169811 0.343816
1 0.725236 0.371069 0.108491 0.333333
1 0.277123 0.407757 0.108491 0.314465
2 0.827830 0.360587 0.099057 0.362683
2 0.175118 0.445493 0.090802 0.364780
3 0.906840 0.379455 0.058962 0.287212
3 0.101415 0.477987 0.051887 0.262055
4 0.952241 0.406709 0.031840 0.232704
4 0.057193 0.488470 0.036557 0.232704
5 0.977005 0.398323 0.020047 0.232704
5 0.019458 0.485325 0.038915 0.226415
6 0.992925 0.377358 0.014150 0.144654
0 0.579009 0.814465 0.110849 0.285115
0 0.469929 0.819706 0.107311 0.283019
1 0.688679 0.805031 0.106132 0.295597
1 0.369104 0.834382 0.099057 0.299790
2 0.791274 0.798742 0.094340 0.375262
2 0.271226 0.834382 0.099057 0.316562
3 0.870283 0.776730 0.091981 0.301887
3 0.187500 0.840671 0.082547 0.278826
4 0.923349 0.762055 0.082547 0.238994
4 0.129127 0.841719 0.071934 0.213836
5 0.971698 0.732704 0.056604 0.176101
5 0.064858 0.840671 0.089623 0.190776
6 0.965802 0.609015 0.066038 0.071279
6 0.047170 0.750524 0.094340 0.157233
7 0.983491 0.553459 0.033018 0.039832
7 0.031250 0.684486 0.062500 0.067086