0 0.599057 0.327044 0.179245 0.348008
0 0.418632 0.329140 0.179245 0.327044
1 0.750000 0.311321 0.117925 0.320755
1 0.268868 0.315514 0.120283 0.291405
2 0.858491 0.323899 0.101415 0.354298
2 0.162736 0.354298 0.089623 0.348008
3 0.943396 0.350105 0.061321 0.297694
3 0.086675 0.383648 0.062500 0.285115
4 0.978774 0.397275 0.042452 0.249476
4 0.034198 0.417191 0.040094 0.226415
0 0.609670 0.787212 0.115566 0.308176
0 0.493514 0.786164 0.109670 0.289308
1 0.729363 0.789308 0.116745 0.312369
1 0.387382 0.795597 0.109670 0.303983
2 0.831958 0.762055 0.090802 0.324948
2 0.278302 0.812369 0.103774 0.375262
3 0.912736 0.781971 0.089623 0.327044
3 0.193396 0.816562 0.096698 0.316562
4 0.968160 0.778826 0.063679 0.257862
4 0.127358 0.810273 0.084906 0.232704
5 0.058962 0.813417 0.106132 0.192872
6 0.046580 0.715933 0.093160 0.119497
7 0.024764 0.651992 0.044811 0.054507