0 0.552476 0.419287 0.187500 0.360587
0 0.370283 0.424528 0.174528 0.333333
1 0.704599 0.405660 0.123821 0.337526
1 0.232901 0.365828 0.097877 0.236897
2 0.827830 0.411950 0.117925 0.379455
2 0.128538 0.320755 0.073113 0.142558
3 0.924528 0.425577 0.075472 0.314465
4 0.982311 0.463312 0.035377 0.238994
3 0.066627 0.346960 0.043632 0.111111
0 0.530071 0.654088 0.112028 0.243187
1 0.642689 0.653040 0.120283 0.316562
2 0.757665 0.661426 0.104953 0.387841
3 0.859670 0.704403 0.096698 0.205451
4 0.937500 0.680294 0.063679 0.182390
5 0.985259 0.651992 0.029481 0.142558