0 0.584316 0.383648 0.173349 0.358491
0 0.412146 0.400419 0.170991 0.350105
1 0.722288 0.360587 0.104953 0.303983
1 0.271226 0.399371 0.108491 0.293501
2 0.825472 0.344864 0.094340 0.364780
2 0.170991 0.427673 0.091981 0.358491
3 0.905071 0.357442 0.062500 0.289308
3 0.097877 0.452830 0.054245 0.278826
4 0.948113 0.388889 0.028302 0.234801
4 0.052476 0.464361 0.038915 0.234801
5 0.972877 0.384696 0.021226 0.209644
5 0.016509 0.471698 0.033018 0.199161
6 0.991156 0.368973 0.017688 0.148847
0 0.576061 0.800839 0.112028 0.287212
0 0.468160 0.800839 0.101415 0.287212
1 0.686910 0.796646 0.109670 0.291405
1 0.366745 0.823899 0.101415 0.303983
2 0.790684 0.780922 0.100236 0.364780
2 0.268868 0.831237 0.096698 0.335430
3 0.867335 0.767296 0.086085 0.312369
3 0.185142 0.831237 0.084906 0.289308
4 0.925118 0.745283 0.076651 0.243187
4 0.129127 0.825996 0.069575 0.232704
5 0.968160 0.721174 0.063679 0.190776
5 0.064269 0.828092 0.093160 0.194969
6 0.964623 0.595388 0.070754 0.060797
6 0.047759 0.731656 0.093160 0.140461
7 0.981132 0.548218 0.037736 0.037736
7 0.029481 0.667715 0.058962 0.071279