0 0.591392 0.316562 0.178066 0.345912
0 0.412736 0.319706 0.183962 0.335430
1 0.741745 0.306080 0.117925 0.324948
1 0.262972 0.309224 0.117925 0.293501
2 0.851415 0.315514 0.103774 0.360587
2 0.156840 0.349057 0.089623 0.356394
3 0.934552 0.342767 0.067217 0.310273
3 0.080778 0.381551 0.062500 0.283019
4 0.971698 0.393082 0.047170 0.247379
4 0.030660 0.406709 0.042453 0.241090
1 0.714623 0.798742 0.110849 0.320755
1 0.380896 0.809224 0.110849 0.320755
2 0.822524 0.797694 0.102594 0.398323
2 0.271226 0.814465 0.108491 0.364780
3 0.908019 0.778826 0.096698 0.310273
3 0.183962 0.815514 0.096698 0.312369
4 0.962854 0.786164 0.074292 0.278826
4 0.119104 0.813417 0.082547 0.245283
5 0.050708 0.818658 0.101415 0.201258
6 0.042453 0.698113 0.080189 0.090147
7 0.023585 0.659329 0.042453 0.050314