0 0.596108 0.318658 0.178066 0.343816
0 0.417453 0.322851 0.174528 0.327044
1 0.744693 0.300839 0.119104 0.324948
1 0.265920 0.310273 0.121462 0.293501
2 0.855542 0.310273 0.100236 0.364780
2 0.159198 0.351153 0.096698 0.358491
3 0.938090 0.344864 0.064858 0.299790
3 0.080778 0.380503 0.057783 0.278826
4 0.977005 0.386792 0.038915 0.245283
4 0.031840 0.406709 0.040094 0.238994
0 0.608491 0.770440 0.115566 0.303983
0 0.495283 0.770440 0.113208 0.291405
1 0.719929 0.773585 0.109670 0.306080
1 0.383844 0.784067 0.109670 0.318658
2 0.276533 0.801887 0.104953 0.383648
3 0.185731 0.803983 0.093160 0.320755
3 0.910967 0.749476 0.086085 0.295597
4 0.124410 0.798742 0.083726 0.238994
4 0.968160 0.766247 0.063679 0.266247
5 0.051297 0.797694 0.102594 0.194969
6 0.042453 0.706499 0.084906 0.129979
7 0.025943 0.640461 0.042453 0.060797