0 0.588443 0.388889 0.186321 0.358491
0 0.407429 0.388889 0.175708 0.341719
1 0.744104 0.373166 0.129717 0.335430
1 0.269458 0.274633 0.081368 0.134172
2 0.867335 0.386792 0.114387 0.375262
2 0.163915 0.258910 0.068396 0.094340
3 0.962854 0.411950 0.074292 0.324948
0 0.564858 0.579665 0.110849 0.362683
0 0.446934 0.568134 0.101415 0.348008
1 0.680425 0.593291 0.125000 0.348008
1 0.343750 0.656184 0.102594 0.184486
2 0.795991 0.617400 0.103774 0.404612
3 0.896816 0.677149 0.095519 0.205451
4 0.972288 0.670860 0.055424 0.192872