0 0.584316 0.462264 0.173349 0.327044
0 0.413325 0.466457 0.166274 0.331237
1 0.725825 0.428721 0.109670 0.314465
1 0.277123 0.452830 0.108491 0.291405
2 0.830778 0.414046 0.100236 0.343816
2 0.179245 0.487421 0.084906 0.339623
3 0.915094 0.430818 0.066038 0.276730
3 0.112028 0.504193 0.049528 0.259958
4 0.962854 0.451782 0.029481 0.226415
4 0.070755 0.511530 0.030660 0.220126
5 0.988797 0.435010 0.022406 0.192872
5 0.040094 0.496855 0.028302 0.182390
0 0.559552 0.628931 0.104953 0.308176
0 0.455189 0.627883 0.103774 0.310273
1 0.670401 0.656184 0.114387 0.266247
1 0.352005 0.675052 0.100236 0.283019
2 0.774175 0.646751 0.093160 0.348008
2 0.252358 0.732704 0.096698 0.272537
3 0.862028 0.683438 0.082547 0.199161
3 0.169222 0.734801 0.067217 0.155136
4 0.926887 0.662474 0.061321 0.186583
4 0.112618 0.716981 0.048349 0.148847
5 0.979363 0.637317 0.041274 0.144654
5 0.054835 0.696017 0.067217 0.144654