0 0.594929 0.324948 0.175708 0.354298
0 0.412146 0.327044 0.185142 0.345912
1 0.742925 0.307128 0.117925 0.322851
1 0.262382 0.317610 0.119104 0.297694
2 0.853184 0.320755 0.097877 0.358491
2 0.156250 0.357442 0.093160 0.356394
3 0.935731 0.344864 0.062500 0.297694
3 0.077830 0.382600 0.056604 0.272537
4 0.972877 0.392034 0.049528 0.257862
4 0.029481 0.409853 0.040094 0.238994
0 0.488208 0.780922 0.108491 0.293501
1 0.716981 0.795597 0.113208 0.310273
1 0.377948 0.810273 0.104953 0.322851
2 0.824292 0.801363 0.101415 0.397274
2 0.270637 0.816562 0.100236 0.360587
3 0.907429 0.777778 0.100236 0.283019
3 0.183373 0.821803 0.095519 0.312369
4 0.962854 0.792453 0.074292 0.270440
4 0.120283 0.817610 0.082547 0.232704
5 0.052476 0.814465 0.104952 0.192872
6 0.040094 0.709644 0.080188 0.104822
7 0.020637 0.656184 0.041274 0.056604