0 0.599057 0.336949 0.207547 0.475751
0 0.388561 0.347000 0.215802 0.451181
1 0.754717 0.397256 0.103774 0.355138
1 0.224646 0.382738 0.109670 0.388641
2 0.853774 0.417358 0.094340 0.386408
2 0.127358 0.429643 0.084906 0.339503
3 0.918632 0.488832 0.073113 0.305999
3 0.067807 0.487715 0.064858 0.308233
4 0.959316 0.563657 0.071934 0.223357
4 0.021816 0.551372 0.043632 0.261328
0 0.556014 0.657467 0.119104 0.285897
0 0.434552 0.658584 0.123821 0.279196
1 0.678066 0.638481 0.122642 0.301532
1 0.310142 0.667518 0.125000 0.314933
2 0.785377 0.711072 0.089623 0.321634
2 0.195755 0.736758 0.101415 0.341736
3 0.866156 0.751277 0.069575 0.276963
3 0.106132 0.759094 0.077830 0.310466
4 0.945165 0.795948 0.090802 0.223357
4 0.043042 0.770262 0.083726 0.207722