0 0.586675 0.389937 0.173349 0.335430
0 0.415684 0.398323 0.168632 0.318658
1 0.732901 0.367925 0.116745 0.308176
1 0.283019 0.374214 0.094340 0.283019
2 0.842571 0.367925 0.100236 0.350105
2 0.193986 0.404612 0.081368 0.331237
3 0.932193 0.397275 0.069575 0.266247
3 0.127948 0.422432 0.053066 0.262055
4 0.983491 0.428721 0.033018 0.224319
4 0.086675 0.448637 0.029481 0.218029
0 0.561910 0.568134 0.104953 0.289308
0 0.456368 0.566038 0.101415 0.285115
1 0.672170 0.596436 0.117925 0.287212
1 0.359080 0.587002 0.093160 0.285115
2 0.781840 0.579665 0.101415 0.371069
2 0.266509 0.631027 0.089623 0.285115
3 0.876179 0.636268 0.082547 0.207547
4 0.944575 0.622642 0.058962 0.180294
3 0.185731 0.641509 0.071934 0.134172
4 0.126179 0.628931 0.047170 0.142558
5 0.073703 0.625786 0.060142 0.123690