0 0.574292 0.393082 0.167453 0.335430
0 0.403892 0.399371 0.168632 0.331237
1 0.711675 0.354298 0.112028 0.320755
1 0.262382 0.392034 0.109670 0.295597
2 0.816038 0.346960 0.094340 0.364780
2 0.161557 0.424528 0.091981 0.352201
3 0.893868 0.356394 0.061321 0.283019
3 0.089033 0.455975 0.050708 0.268344
4 0.942217 0.385744 0.030660 0.232704
4 0.042453 0.470650 0.035377 0.234801
5 0.968750 0.380503 0.022406 0.218029
5 0.011792 0.464361 0.023584 0.184486
6 0.990566 0.365828 0.018868 0.159329
0 0.569575 0.800839 0.110849 0.278826
0 0.461675 0.801887 0.104953 0.272537
1 0.677476 0.791405 0.107311 0.289308
1 0.358491 0.821803 0.103774 0.308176
2 0.780660 0.780922 0.096698 0.364780
2 0.259434 0.824948 0.094340 0.335430
3 0.860849 0.765199 0.099057 0.299790
3 0.180425 0.830189 0.087264 0.291405
4 0.916274 0.746331 0.082547 0.241090
4 0.120873 0.824948 0.069575 0.226415
5 0.964623 0.721174 0.070754 0.190776
5 0.056604 0.824948 0.096698 0.201258
6 0.964033 0.593291 0.071934 0.064990
6 0.043632 0.733753 0.080189 0.132075
7 0.978774 0.541929 0.042452 0.037736
7 0.028892 0.667715 0.053066 0.071279