0 0.557783 0.417191 0.181604 0.352201
0 0.377358 0.389937 0.174528 0.301887
1 0.711675 0.406709 0.123821 0.335430
2 0.831368 0.405660 0.115566 0.371069
3 0.929245 0.428721 0.075472 0.308176
4 0.983491 0.466457 0.033018 0.253669
1 0.648585 0.618449 0.117925 0.339623
2 0.763561 0.643606 0.102594 0.415094
3 0.862618 0.698113 0.097877 0.222222
4 0.940448 0.683438 0.062500 0.201258
5 0.985849 0.649895 0.028302 0.121593
0 0.533019 0.686583 0.087264 0.144654
1 0.239976 0.309224 0.090802 0.148847
2 0.128538 0.302935 0.068396 0.123690