0 0.571934 0.392034 0.172170 0.354298
0 0.396816 0.393082 0.168632 0.331237
1 0.719340 0.380503 0.127358 0.301887
1 0.261203 0.374214 0.107311 0.297694
2 0.837264 0.384696 0.108491 0.343816
2 0.168042 0.404612 0.086085 0.333333
3 0.928066 0.389937 0.075472 0.299790
3 0.104363 0.416143 0.053066 0.272537
4 0.980542 0.452830 0.031840 0.207547
4 0.064269 0.450734 0.034198 0.207547
0 0.547170 0.573375 0.099057 0.318658
0 0.439858 0.561845 0.101415 0.312369
1 0.658019 0.588050 0.108491 0.348008
1 0.335495 0.590147 0.093160 0.318658
2 0.765920 0.594340 0.109670 0.410901
2 0.234670 0.656184 0.110849 0.337526
3 0.863797 0.627883 0.090802 0.293501
3 0.156840 0.648847 0.082547 0.268344
4 0.934552 0.619497 0.074292 0.243187
4 0.094929 0.638365 0.036557 0.171908
5 0.987028 0.613208 0.025943 0.146751
5 0.044222 0.622117 0.067217 0.137317
5 0.030660 0.475891 0.033019 0.056604
6 0.022406 0.587002 0.044811 0.142558