0 0.576061 0.440252 0.168632 0.341719
0 0.408019 0.442348 0.165094 0.337526
1 0.718160 0.405660 0.110849 0.318658
1 0.271816 0.435010 0.109670 0.293501
2 0.823703 0.388889 0.100236 0.348008
2 0.173349 0.460168 0.084906 0.335430
3 0.906840 0.410901 0.063679 0.266247
3 0.104363 0.492662 0.053066 0.262055
4 0.958137 0.436059 0.034198 0.220126
4 0.060731 0.501048 0.034198 0.211740
5 0.988208 0.414046 0.023584 0.188679
5 0.030071 0.469602 0.027123 0.169811
0 0.551887 0.618449 0.108491 0.308176
0 0.447524 0.617400 0.097877 0.306080
1 0.662736 0.636268 0.115566 0.259958
1 0.344340 0.645702 0.106132 0.299790
2 0.768278 0.626834 0.093160 0.362683
2 0.245283 0.710692 0.094340 0.262055
3 0.854953 0.670860 0.080189 0.215933
3 0.164505 0.707547 0.067217 0.167715
4 0.916863 0.639413 0.074292 0.194969
4 0.106132 0.699161 0.051887 0.155136
5 0.972288 0.619497 0.055424 0.142558
5 0.047170 0.678197 0.066038 0.142558