0 0.594929 0.322851 0.178066 0.343816
0 0.415094 0.325996 0.179245 0.333333
1 0.743514 0.311321 0.119104 0.320755
1 0.266509 0.315514 0.117925 0.299790
2 0.853184 0.321803 0.100236 0.362683
2 0.159788 0.356394 0.095519 0.352201
3 0.936910 0.340671 0.067217 0.308176
3 0.080778 0.389937 0.055425 0.268344
4 0.974057 0.399371 0.051886 0.245283
4 0.031840 0.415094 0.037736 0.234801
0 0.603184 0.785115 0.109670 0.287212
0 0.490566 0.785115 0.113208 0.287212
1 0.716981 0.774633 0.117925 0.270440
1 0.383255 0.798742 0.106132 0.314465
2 0.823113 0.792453 0.099057 0.385744
2 0.277123 0.812369 0.106132 0.375262
3 0.906840 0.764151 0.099057 0.283019
3 0.186910 0.816562 0.097877 0.316562
4 0.964623 0.786164 0.070754 0.272537
4 0.122642 0.812369 0.084906 0.245283
5 0.054245 0.813417 0.108490 0.205451
6 0.044811 0.711740 0.089622 0.111111
7 0.028302 0.657233 0.051887 0.052411