0 0.593160 0.395178 0.167453 0.329140
0 0.422759 0.399371 0.168632 0.320755
1 0.734080 0.371069 0.116745 0.310273
1 0.285967 0.375262 0.100236 0.276730
2 0.844340 0.378407 0.103774 0.341719
2 0.193986 0.402516 0.081368 0.306080
3 0.933962 0.408805 0.070755 0.264151
3 0.130896 0.424528 0.044811 0.220126
4 0.984670 0.438155 0.030660 0.222222
0 0.567807 0.574423 0.102594 0.285115
0 0.462264 0.578616 0.103774 0.285115
1 0.678066 0.594340 0.110849 0.270440
1 0.363208 0.591195 0.094340 0.268344
2 0.785377 0.588050 0.103774 0.371069
3 0.879127 0.641509 0.083726 0.222222
4 0.950472 0.635220 0.061321 0.180294