0 0.570165 0.395178 0.173349 0.345912
0 0.395047 0.392034 0.169811 0.331237
1 0.720519 0.377358 0.120283 0.310273
1 0.258844 0.370021 0.104953 0.295597
2 0.837854 0.381551 0.112028 0.356394
2 0.165684 0.404612 0.083726 0.331237
3 0.931014 0.392034 0.071934 0.293501
3 0.101415 0.415094 0.044811 0.268344
4 0.984080 0.438155 0.031840 0.222222
4 0.064858 0.445493 0.030660 0.207547
5 0.038325 0.470650 0.020047 0.077568
0 0.547170 0.577568 0.103774 0.320755
0 0.439858 0.570231 0.099057 0.301887
1 0.661557 0.594340 0.106132 0.308176
1 0.334906 0.595388 0.096698 0.293501
2 0.766509 0.610063 0.103774 0.377358
2 0.233491 0.644654 0.103774 0.295597
3 0.865566 0.638365 0.091981 0.262055
3 0.155071 0.664570 0.067217 0.192872
4 0.938679 0.641509 0.066038 0.201258
4 0.097288 0.637317 0.038915 0.159329
5 0.986439 0.617400 0.027122 0.136268
5 0.044811 0.626834 0.061321 0.138365
6 0.019458 0.599581 0.036557 0.117400