0 0.591392 0.317610 0.178066 0.354298
0 0.409198 0.323899 0.181604 0.333333
1 0.738797 0.303983 0.116745 0.318658
1 0.261792 0.303983 0.117925 0.297694
2 0.850825 0.312369 0.102594 0.364780
2 0.155071 0.354298 0.093160 0.348008
3 0.932783 0.344864 0.063679 0.303983
3 0.076651 0.385744 0.058962 0.276730
4 0.969929 0.385744 0.050708 0.255765
4 0.026533 0.406709 0.041274 0.238994
0 0.601415 0.780922 0.117925 0.291405
0 0.484670 0.780922 0.115566 0.291405
1 0.370873 0.800839 0.114387 0.318658
2 0.264151 0.809224 0.103774 0.368973
2 0.816627 0.785115 0.104953 0.387841
3 0.900354 0.774633 0.095519 0.316562
3 0.182193 0.818658 0.100236 0.312369
4 0.959316 0.778826 0.081368 0.270440
4 0.119104 0.809224 0.082547 0.243187
5 0.050708 0.817610 0.101415 0.218029
6 0.038325 0.701258 0.076650 0.098532
7 0.022406 0.655136 0.044811 0.060797