0 0.584316 0.388889 0.168632 0.329140
0 0.416274 0.388889 0.169811 0.320755
1 0.728184 0.365828 0.116745 0.299790
1 0.281250 0.364780 0.100236 0.276730
2 0.839623 0.371069 0.103774 0.331237
2 0.191038 0.402516 0.077830 0.322851
3 0.928656 0.393082 0.074292 0.262055
3 0.130307 0.424528 0.043632 0.245283
4 0.981722 0.433962 0.036556 0.213836
4 0.091981 0.438155 0.033019 0.213836
5 0.065448 0.400419 0.020047 0.142558
0 0.570755 0.737945 0.113208 0.268344
0 0.462264 0.736897 0.101415 0.274633
1 0.681014 0.745283 0.107311 0.295597
1 0.361439 0.751572 0.100236 0.303983
2 0.785967 0.742138 0.100236 0.373166
2 0.266509 0.757862 0.089623 0.354298
3 0.869693 0.738994 0.100236 0.316562
3 0.195755 0.741090 0.089623 0.266247
4 0.936321 0.722222 0.080189 0.245283
4 0.145637 0.735849 0.071934 0.205451
5 0.977594 0.685535 0.044811 0.138365
5 0.092571 0.727463 0.088443 0.171908