0 0.597877 0.321803 0.176887 0.354298
0 0.416274 0.327044 0.179245 0.343816
1 0.747642 0.305031 0.125000 0.324948
1 0.266509 0.315514 0.117925 0.299790
2 0.858491 0.321803 0.101415 0.358491
2 0.160967 0.357442 0.093160 0.345912
3 0.941627 0.348008 0.062500 0.301887
3 0.083726 0.385744 0.056604 0.276730
4 0.978184 0.400419 0.041274 0.238994
4 0.036557 0.415094 0.037736 0.234801
0 0.607311 0.774633 0.117925 0.283019
0 0.495873 0.777778 0.116745 0.289308
1 0.722288 0.788260 0.109670 0.314465
1 0.384434 0.794549 0.108491 0.306080
3 0.912146 0.759958 0.097877 0.287212
3 0.189858 0.806080 0.091981 0.299790
2 0.274764 0.808176 0.108491 0.366876
4 0.966981 0.777778 0.066038 0.264151
4 0.124410 0.810273 0.083726 0.241090
5 0.060142 0.811321 0.110849 0.205451
6 0.047759 0.710692 0.093160 0.104822
7 0.028302 0.647799 0.040094 0.046122