0 0.594929 0.325996 0.175708 0.345912
0 0.413325 0.323899 0.180425 0.345912
1 0.742335 0.306080 0.116745 0.335430
1 0.265920 0.314465 0.116745 0.301887
2 0.852594 0.322851 0.103774 0.360587
2 0.160377 0.354298 0.091981 0.360587
3 0.935731 0.345912 0.062500 0.314465
3 0.081368 0.383648 0.061321 0.289308
4 0.974646 0.396226 0.048349 0.247379
4 0.030071 0.409853 0.038915 0.245283
0 0.603774 0.788260 0.108491 0.297694
1 0.715802 0.799790 0.117925 0.312369
1 0.380307 0.814465 0.107311 0.320755
2 0.824882 0.799790 0.100236 0.387841
2 0.272406 0.818658 0.103774 0.362683
3 0.906250 0.792453 0.100236 0.318658
3 0.184552 0.824948 0.095519 0.316562
4 0.962264 0.786164 0.075472 0.272537
4 0.120283 0.819706 0.082547 0.251572
5 0.053656 0.820755 0.107311 0.207547
6 0.042453 0.701258 0.084906 0.094340
7 0.022995 0.649895 0.038915 0.046122