0 0.552476 0.421384 0.185142 0.356394
0 0.369104 0.427673 0.176887 0.327044
1 0.708726 0.404612 0.125000 0.335430
1 0.229363 0.359539 0.100236 0.232704
2 0.827830 0.410901 0.115566 0.373166
2 0.132075 0.310273 0.075472 0.142558
3 0.926887 0.426625 0.077830 0.312369
3 0.062500 0.360587 0.042453 0.109015
4 0.981132 0.460168 0.033019 0.228512
0 0.524175 0.649895 0.112028 0.289308
1 0.643278 0.650943 0.121462 0.316562
2 0.757665 0.650943 0.107311 0.400419
3 0.858491 0.696017 0.094340 0.209644
4 0.938679 0.676101 0.066038 0.186583
5 0.985259 0.650943 0.029481 0.153040