0 0.425708 0.390985 0.167453 0.312369
0 0.596698 0.394130 0.165094 0.310273
1 0.738797 0.366876 0.116745 0.297694
1 0.293042 0.373166 0.097877 0.285115
2 0.849057 0.370021 0.103774 0.341719
2 0.201651 0.401468 0.082547 0.329140
3 0.935731 0.395178 0.071934 0.262055
3 0.134434 0.426625 0.042453 0.262055
4 0.985259 0.427673 0.029481 0.226415
4 0.099646 0.445493 0.024764 0.207547
5 0.074292 0.418239 0.025943 0.144654
0 0.581368 0.769392 0.108491 0.280922
0 0.473467 0.768344 0.107311 0.270440
1 0.691627 0.774633 0.109670 0.299790
1 0.374410 0.783019 0.095519 0.303983
2 0.794222 0.771488 0.100236 0.373166
2 0.278302 0.781971 0.094340 0.356394
3 0.883844 0.763103 0.095519 0.293501
3 0.209316 0.771488 0.088443 0.259958
4 0.948113 0.754717 0.073113 0.247379
4 0.156840 0.773585 0.070755 0.222222
5 0.981722 0.689727 0.036556 0.113208
5 0.100825 0.759958 0.088443 0.169811