0 0.557193 0.422432 0.180425 0.366876
0 0.383844 0.374214 0.163915 0.274633
1 0.713443 0.401468 0.125000 0.333333
2 0.838443 0.406709 0.117925 0.368973
3 0.933373 0.424528 0.071934 0.316562
4 0.985259 0.466457 0.029481 0.253669
1 0.654481 0.622642 0.122642 0.368973
2 0.770047 0.644654 0.103774 0.446541
3 0.867925 0.700210 0.084906 0.218029
4 0.940448 0.683438 0.067217 0.205451
5 0.987028 0.653040 0.023585 0.123690
1 0.235849 0.270440 0.056604 0.054507
2 0.129717 0.303983 0.054245 0.121593
0 0.537146 0.689727 0.093160 0.159329