0 0.597288 0.320755 0.175708 0.348008
0 0.415684 0.320755 0.180425 0.331237
1 0.747052 0.307128 0.123821 0.324948
1 0.267099 0.309224 0.119104 0.295597
2 0.859080 0.313417 0.100236 0.371069
2 0.161557 0.357442 0.091981 0.350105
3 0.941038 0.344864 0.066038 0.308176
3 0.084906 0.385744 0.056604 0.276730
4 0.976415 0.398323 0.044811 0.234801
4 0.035967 0.407757 0.041274 0.236897
0 0.609670 0.771488 0.115566 0.276730
0 0.497642 0.771488 0.110849 0.276730
1 0.724057 0.776730 0.113208 0.316562
1 0.386792 0.790356 0.113208 0.314465
2 0.826651 0.740042 0.091981 0.314465
2 0.277123 0.810273 0.099057 0.375262
3 0.914505 0.741090 0.083726 0.283019
3 0.188679 0.802935 0.094340 0.306080
4 0.967571 0.764151 0.064858 0.257862
4 0.126179 0.802935 0.082547 0.238994
5 0.060731 0.803983 0.109670 0.194969
6 0.044811 0.725367 0.089622 0.167715
7 0.025354 0.636268 0.038915 0.044025