0 0.584906 0.313417 0.179245 0.360587
0 0.404481 0.315514 0.181604 0.348008
1 0.734670 0.302935 0.120283 0.331237
1 0.254717 0.306080 0.113208 0.299790
2 0.846698 0.311321 0.099057 0.373166
2 0.150943 0.355346 0.091981 0.352201
3 0.928656 0.343816 0.067217 0.316562
3 0.074882 0.381551 0.055425 0.283019
4 0.965802 0.389937 0.047170 0.245283
4 0.025354 0.409853 0.043632 0.243187
0 0.481722 0.781971 0.114387 0.295597
1 0.370873 0.799790 0.107311 0.314465
1 0.708137 0.796646 0.114387 0.329140
2 0.814858 0.788260 0.099057 0.383648
2 0.261792 0.812893 0.106132 0.374214
3 0.898585 0.772537 0.094340 0.297694
3 0.178066 0.816562 0.096698 0.318658
4 0.958726 0.781971 0.082547 0.287212
4 0.112618 0.808176 0.083726 0.234801
5 0.050118 0.811321 0.100236 0.194969
6 0.041863 0.702306 0.083726 0.098532
7 0.022995 0.648847 0.041274 0.058700