0 0.531768 0.118531 0.092062 0.166945
0 0.439057 0.134391 0.093359 0.155259
1 0.621237 0.169449 0.089469 0.161937
1 0.359962 0.176962 0.090766 0.160267
2 0.710057 0.212855 0.106325 0.165275
2 0.275031 0.221202 0.120588 0.171953
3 0.763220 0.338898 0.132258 0.166945
3 0.221220 0.330551 0.127072 0.173623
4 0.787856 0.489149 0.142632 0.163606
4 0.189452 0.464107 0.138742 0.173623
5 0.796285 0.690317 0.198387 0.238731
5 0.171948 0.662771 0.178938 0.247078
6 0.828052 0.896494 0.186718 0.203673
6 0.114895 0.860601 0.163378 0.208681