0 0.572524 0.435010 0.166274 0.348008
0 0.404481 0.438155 0.169811 0.337526
1 0.713443 0.401468 0.115566 0.314465
1 0.266509 0.430818 0.108491 0.297694
2 0.820165 0.386792 0.097877 0.352201
2 0.168632 0.461216 0.087264 0.341719
3 0.903892 0.406709 0.069575 0.291405
3 0.100236 0.476939 0.049528 0.276730
4 0.954599 0.429769 0.034198 0.232704
4 0.057783 0.487421 0.035377 0.230608
5 0.985849 0.423480 0.028302 0.220126
5 0.025943 0.473795 0.025943 0.194969
0 0.550118 0.598532 0.107311 0.318658
0 0.444575 0.595388 0.101415 0.312369
1 0.659788 0.631027 0.109670 0.270440
1 0.340212 0.641509 0.104953 0.312369
2 0.764741 0.621593 0.095519 0.364780
2 0.240566 0.716981 0.094340 0.283019
3 0.854363 0.668763 0.086085 0.215933
3 0.158608 0.713836 0.071934 0.163522
4 0.920401 0.643606 0.067217 0.186583
4 0.100236 0.696017 0.044811 0.157233
5 0.972288 0.621593 0.055424 0.146751
5 0.044811 0.679245 0.063679 0.157233