0 0.571934 0.396226 0.176887 0.341719
0 0.396816 0.395178 0.170991 0.327044
1 0.722288 0.379455 0.116745 0.312369
1 0.259434 0.375262 0.103774 0.295597
2 0.840802 0.380503 0.113208 0.343816
2 0.168632 0.398323 0.087264 0.337526
3 0.927476 0.401468 0.074292 0.280922
3 0.101415 0.418239 0.051887 0.268344
4 0.983491 0.440252 0.033018 0.220126
4 0.064269 0.457023 0.034198 0.186583
0 0.547170 0.591195 0.096698 0.283019
0 0.438679 0.582809 0.101415 0.274633
1 0.660967 0.597484 0.114387 0.299790
1 0.335495 0.592243 0.097877 0.306080
2 0.769458 0.618449 0.100236 0.350105
2 0.232311 0.658281 0.103774 0.324948
3 0.862028 0.617400 0.091981 0.289308
3 0.159788 0.635220 0.081368 0.274633
4 0.937500 0.616352 0.073113 0.249476
4 0.101415 0.631027 0.042453 0.165618
5 0.988208 0.615304 0.023584 0.150943
5 0.046580 0.617400 0.067217 0.136268
5 0.030071 0.474843 0.027123 0.050314
6 0.021226 0.597484 0.042452 0.125786