0 0.580189 0.444444 0.169811 0.333333
0 0.409788 0.449686 0.168632 0.331237
1 0.720519 0.414046 0.110849 0.314465
1 0.271226 0.436059 0.110849 0.291405
2 0.824882 0.396226 0.102594 0.350105
2 0.173939 0.468553 0.083726 0.343816
3 0.909198 0.416143 0.063679 0.272537
3 0.106132 0.487421 0.051887 0.268344
4 0.958726 0.443396 0.033019 0.226415
4 0.063679 0.504193 0.033019 0.205451
5 0.987028 0.420335 0.021226 0.197065
5 0.032429 0.471698 0.027123 0.182390
0 0.556014 0.614256 0.102594 0.303983
0 0.454009 0.612159 0.106132 0.308176
1 0.662736 0.629979 0.110849 0.268344
1 0.348467 0.653040 0.102594 0.310273
2 0.766509 0.623690 0.099057 0.368973
2 0.250000 0.701258 0.094340 0.264151
3 0.855542 0.670860 0.081368 0.194969
3 0.167453 0.714885 0.070755 0.153040
4 0.922759 0.648847 0.071934 0.192872
4 0.107901 0.698113 0.048349 0.148847
5 0.973467 0.623690 0.053066 0.138365
5 0.049528 0.680294 0.070755 0.146751