0 0.577830 0.442348 0.165094 0.337526
0 0.409198 0.451782 0.172170 0.327044
1 0.717571 0.408805 0.114387 0.316562
1 0.268868 0.442348 0.103774 0.291405
2 0.826061 0.392034 0.100236 0.345912
2 0.173939 0.472746 0.083726 0.335430
3 0.909788 0.420335 0.064858 0.272537
3 0.106132 0.494759 0.051887 0.257862
4 0.959906 0.439203 0.033019 0.218029
4 0.064269 0.509434 0.034198 0.207547
5 0.988208 0.430818 0.023584 0.201258
5 0.034198 0.481132 0.023585 0.184486
0 0.557193 0.620545 0.102594 0.295597
0 0.452241 0.619497 0.104953 0.301887
1 0.663915 0.635220 0.115566 0.274633
1 0.346108 0.649895 0.100236 0.287212
2 0.770637 0.626834 0.095519 0.362683
2 0.248231 0.715933 0.095519 0.297694
3 0.856722 0.662474 0.076651 0.194969
3 0.165094 0.721174 0.066038 0.174004
4 0.926297 0.647799 0.060142 0.178197
4 0.108491 0.697065 0.042453 0.150943
5 0.978184 0.616352 0.041274 0.136268
5 0.050708 0.683438 0.068396 0.136268