0 0.590802 0.394130 0.167453 0.327044
0 0.422759 0.396226 0.168632 0.327044
1 0.734670 0.376310 0.117925 0.308176
1 0.287146 0.385744 0.104953 0.285115
2 0.845519 0.377358 0.103774 0.348008
2 0.193396 0.411950 0.080189 0.329140
3 0.936321 0.405660 0.073113 0.266247
3 0.132665 0.441300 0.043632 0.253669
4 0.985259 0.440252 0.029481 0.226415
4 0.095519 0.465409 0.030660 0.201258
0 0.566627 0.567086 0.102594 0.287212
0 0.464033 0.569182 0.097877 0.283019
1 0.680425 0.606918 0.122642 0.270440
1 0.362618 0.605870 0.102594 0.276730
2 0.790684 0.594340 0.100236 0.358491
3 0.879717 0.647799 0.080189 0.197065
4 0.951061 0.633124 0.062500 0.184486