0 0.590212 0.401468 0.178066 0.329140
0 0.419222 0.402516 0.163915 0.322851
1 0.737028 0.376310 0.115566 0.303983
1 0.284198 0.377358 0.106132 0.293501
2 0.846698 0.376310 0.103774 0.345912
2 0.191627 0.408805 0.079009 0.331237
3 0.936321 0.407757 0.070755 0.266247
3 0.128538 0.432914 0.044811 0.249476
4 0.985849 0.440252 0.028302 0.230608
4 0.092571 0.465409 0.024764 0.188679
0 0.564269 0.572327 0.107311 0.272537
0 0.459906 0.572327 0.101415 0.272537
1 0.679245 0.593291 0.117925 0.276730
1 0.358491 0.574423 0.101415 0.272537
2 0.788915 0.582809 0.101415 0.368973
2 0.265920 0.584906 0.079009 0.159329
3 0.881486 0.642558 0.083726 0.194969
4 0.951061 0.627883 0.055425 0.182390