0 0.607311 0.421384 0.167453 0.335430
0 0.437500 0.427673 0.169811 0.335430
1 0.745873 0.383648 0.109670 0.314465
1 0.297170 0.421384 0.106132 0.297694
2 0.846698 0.365828 0.091981 0.366876
2 0.195165 0.451782 0.090802 0.345912
3 0.922759 0.381551 0.060142 0.280922
3 0.120283 0.474843 0.061321 0.278826
4 0.967571 0.410901 0.029481 0.243187
4 0.069575 0.495807 0.035377 0.228512
5 0.990566 0.405660 0.018868 0.220126
5 0.034198 0.485325 0.033019 0.203354
0 0.603184 0.825996 0.112028 0.289308
0 0.493514 0.825996 0.104953 0.276730
1 0.712854 0.818658 0.104953 0.295597
1 0.389151 0.850105 0.099057 0.299790
2 0.811910 0.800839 0.093160 0.352201
2 0.294222 0.841719 0.093160 0.316562
3 0.888561 0.786164 0.088443 0.289308
3 0.215212 0.845912 0.086085 0.257862
4 0.946344 0.767296 0.079009 0.230608
4 0.153892 0.854298 0.079009 0.224319
5 0.978774 0.716981 0.042452 0.134172
5 0.084906 0.849057 0.094340 0.184486
6 0.973467 0.618449 0.050708 0.062893
6 0.058962 0.759958 0.106132 0.148847
7 0.045991 0.696017 0.063679 0.079665
7 0.989976 0.576520 0.020047 0.037736