0 0.589623 0.387841 0.172170 0.310273
0 0.418042 0.394130 0.163915 0.310273
1 0.731722 0.365828 0.114387 0.316562
1 0.285377 0.364780 0.103774 0.280922
2 0.841981 0.368973 0.108491 0.335430
2 0.192217 0.403564 0.082547 0.324948
3 0.932193 0.394130 0.069575 0.259958
3 0.129717 0.428721 0.042453 0.245283
4 0.982311 0.426625 0.035377 0.215933
4 0.093750 0.442348 0.027123 0.205451
5 0.070165 0.406709 0.015330 0.117400
0 0.576651 0.763103 0.113208 0.276730
0 0.466981 0.763103 0.103774 0.276730
1 0.684552 0.777778 0.104953 0.289308
1 0.367925 0.776730 0.096698 0.308176
2 0.787736 0.774633 0.103774 0.366876
2 0.272406 0.784067 0.094340 0.352201
3 0.875590 0.763103 0.095519 0.293501
3 0.200472 0.770440 0.080189 0.257862
4 0.943396 0.753669 0.082547 0.232704
4 0.150354 0.761006 0.064858 0.218029
5 0.978774 0.688679 0.042452 0.111111
5 0.095519 0.755765 0.087264 0.169811