0 0.558962 0.417191 0.183962 0.356394
0 0.380307 0.401468 0.168632 0.308176
1 0.712264 0.401468 0.122642 0.337526
2 0.833726 0.409853 0.115566 0.362683
3 0.928656 0.425577 0.076651 0.314465
4 0.982901 0.469602 0.034198 0.259958
1 0.649175 0.626834 0.116745 0.327044
2 0.760613 0.641509 0.106132 0.398323
3 0.861439 0.694969 0.093160 0.215933
4 0.941038 0.689727 0.063679 0.197065
5 0.985849 0.656184 0.025943 0.121593
2 0.129717 0.302935 0.058962 0.115304
1 0.242925 0.311321 0.091981 0.157233
0 0.534788 0.676101 0.100236 0.186583