0 0.573113 0.399371 0.172170 0.341719
0 0.399175 0.402516 0.175708 0.327044
1 0.719340 0.380503 0.117925 0.316562
1 0.260613 0.371069 0.103774 0.306080
2 0.837264 0.385744 0.117925 0.348008
2 0.169811 0.400419 0.084906 0.335430
3 0.932193 0.404612 0.074292 0.280922
3 0.100236 0.416143 0.040094 0.270440
4 0.982311 0.445493 0.030660 0.224319
4 0.062500 0.438155 0.028302 0.205451
5 0.035967 0.473795 0.017689 0.067086
0 0.547170 0.575472 0.099057 0.291405
0 0.440448 0.582809 0.097877 0.293501
1 0.659788 0.601677 0.112028 0.306080
1 0.338443 0.593291 0.101415 0.297694
2 0.770637 0.600629 0.107311 0.383648
2 0.233491 0.644654 0.101415 0.295597
3 0.867335 0.632075 0.086085 0.257862
3 0.152123 0.666667 0.061321 0.201258
4 0.941627 0.642558 0.064858 0.203354
4 0.100236 0.635220 0.037736 0.167715
5 0.985849 0.624738 0.028302 0.134172
5 0.047759 0.618449 0.060142 0.146751
6 0.011792 0.597484 0.023584 0.096436