0 0.589623 0.316562 0.179245 0.348008
0 0.410377 0.322851 0.176887 0.335430
1 0.739387 0.306080 0.120283 0.318658
1 0.261792 0.307128 0.117925 0.303983
2 0.849646 0.314465 0.100236 0.352201
2 0.153892 0.352201 0.093160 0.343816
3 0.933373 0.342767 0.067217 0.308176
3 0.076061 0.384696 0.057783 0.274633
4 0.970519 0.394130 0.051887 0.243187
4 0.027712 0.410901 0.038915 0.243187
0 0.600236 0.780922 0.115566 0.295597
0 0.486439 0.778826 0.112028 0.295597
1 0.377358 0.795597 0.110849 0.324948
2 0.820165 0.790356 0.102594 0.389937
2 0.269458 0.806080 0.102594 0.371069
3 0.903892 0.770440 0.093160 0.308176
3 0.182193 0.818658 0.095519 0.316562
4 0.961085 0.778826 0.077830 0.278826
4 0.117335 0.811321 0.083726 0.238994
5 0.051887 0.809224 0.103774 0.201258
6 0.040094 0.704403 0.080188 0.109015
7 0.026533 0.650943 0.053066 0.056604