0 0.586675 0.390985 0.168632 0.320755
0 0.419811 0.390985 0.162736 0.308176
1 0.728184 0.365828 0.112028 0.299790
1 0.284788 0.365828 0.100236 0.287212
2 0.840212 0.365828 0.109670 0.350105
2 0.190448 0.399371 0.086085 0.333333
3 0.929245 0.394130 0.068396 0.268344
3 0.126179 0.424528 0.042453 0.249476
4 0.982901 0.426625 0.034198 0.232704
4 0.091392 0.433962 0.031840 0.255765
0 0.564269 0.551363 0.100236 0.293501
0 0.458726 0.553459 0.108491 0.293501
1 0.673939 0.593291 0.121462 0.251572
1 0.354953 0.593291 0.103774 0.297694
2 0.785377 0.580713 0.099057 0.373166
2 0.258255 0.619497 0.091981 0.295597
3 0.875000 0.621593 0.080189 0.207547
3 0.179245 0.634172 0.066038 0.148847
4 0.945165 0.627883 0.060142 0.199161
4 0.120873 0.632075 0.050708 0.157233
5 0.068986 0.624738 0.050708 0.117400