0 0.573113 0.393082 0.174528 0.350105
0 0.397995 0.395178 0.163915 0.329140
1 0.720519 0.377358 0.115566 0.318658
1 0.259434 0.377358 0.103774 0.293501
2 0.833137 0.382600 0.112028 0.350105
2 0.166863 0.400419 0.086085 0.339623
3 0.929245 0.398323 0.075472 0.285115
3 0.101415 0.417191 0.042453 0.268344
4 0.981132 0.446541 0.033019 0.222222
4 0.064858 0.440252 0.025943 0.209644
5 0.040684 0.460168 0.020047 0.098532
0 0.548349 0.581761 0.096698 0.299790
0 0.440448 0.578616 0.102594 0.306080
1 0.659198 0.612159 0.110849 0.310273
1 0.336085 0.593291 0.096698 0.306080
2 0.768868 0.610063 0.103774 0.381551
2 0.231722 0.653040 0.102594 0.308176
3 0.864387 0.639413 0.087264 0.255765
3 0.155660 0.661426 0.066038 0.194969
4 0.937500 0.639413 0.063679 0.205451
4 0.100236 0.636268 0.042453 0.157233
5 0.985849 0.623690 0.028302 0.119497
5 0.044811 0.619497 0.061321 0.136268
6 0.017689 0.602725 0.033019 0.115304