0 0.593750 0.406709 0.168632 0.318658
0 0.423939 0.400419 0.170991 0.314465
1 0.735849 0.377358 0.113208 0.314465
1 0.284198 0.382600 0.101415 0.283019
2 0.846698 0.381551 0.108491 0.352201
2 0.193396 0.412998 0.077830 0.327044
3 0.936321 0.402516 0.070755 0.276730
3 0.131486 0.439203 0.045991 0.253669
4 0.985849 0.438155 0.028302 0.238994
4 0.093160 0.461216 0.028302 0.197065
0 0.568396 0.570231 0.099057 0.280922
0 0.464623 0.573375 0.103774 0.283019
1 0.677476 0.594340 0.116745 0.274633
1 0.361439 0.605870 0.097877 0.280922
2 0.785377 0.593291 0.099057 0.364780
2 0.272995 0.602725 0.079009 0.211740
3 0.877358 0.645702 0.080189 0.192872
4 0.949882 0.628931 0.062500 0.188679