0 0.596698 0.412998 0.174528 0.310273
0 0.425708 0.415094 0.167453 0.318658
1 0.739976 0.387841 0.112028 0.301887
1 0.288915 0.390985 0.101415 0.291405
2 0.850236 0.386792 0.108491 0.341719
2 0.197524 0.418239 0.081368 0.329140
3 0.939858 0.421384 0.068396 0.272537
3 0.134434 0.462264 0.044811 0.220126
4 0.987028 0.455975 0.025943 0.220126
4 0.099057 0.473795 0.028302 0.184486
0 0.568986 0.572327 0.100236 0.289308
0 0.466392 0.573375 0.095519 0.295597
1 0.681014 0.614256 0.126179 0.272537
1 0.364387 0.599581 0.103774 0.297694
2 0.791863 0.602725 0.097877 0.362683
2 0.273585 0.618449 0.075472 0.180294
3 0.883255 0.655136 0.082547 0.203354
4 0.954009 0.645702 0.058962 0.180294