0 0.584316 0.397275 0.170991 0.364780
0 0.414505 0.421384 0.166274 0.341719
1 0.725825 0.365828 0.112028 0.322851
1 0.274175 0.410901 0.114387 0.295597
2 0.828420 0.363732 0.093160 0.352201
2 0.169811 0.447589 0.089623 0.360587
3 0.905660 0.377358 0.061321 0.291405
3 0.099646 0.477987 0.048349 0.262055
4 0.951061 0.401468 0.029481 0.243187
4 0.055425 0.489518 0.035377 0.234801
5 0.975825 0.396226 0.020047 0.232704
5 0.018868 0.481132 0.035377 0.209644
6 0.992925 0.384696 0.014150 0.142558
0 0.579009 0.814465 0.110849 0.285115
0 0.472288 0.818658 0.104953 0.293501
1 0.689269 0.809224 0.109670 0.295597
1 0.370283 0.832285 0.099057 0.308176
2 0.791274 0.798742 0.096698 0.366876
2 0.270047 0.836478 0.096698 0.324948
3 0.867925 0.778826 0.094340 0.297694
3 0.189858 0.838574 0.084906 0.270440
4 0.924528 0.758910 0.084906 0.232704
4 0.130307 0.836478 0.074292 0.211740
5 0.969340 0.728512 0.061320 0.176101
5 0.066038 0.841719 0.094340 0.188679
6 0.965212 0.611111 0.069575 0.062893
6 0.045401 0.755765 0.088443 0.155136
7 0.981722 0.562893 0.036556 0.046122
7 0.031250 0.683438 0.060142 0.073375