0 0.582547 0.394130 0.174528 0.345912
0 0.412736 0.399371 0.167453 0.339623
1 0.724646 0.361635 0.107311 0.314465
1 0.271816 0.394130 0.112028 0.299790
2 0.824882 0.348008 0.095519 0.350105
2 0.167453 0.432914 0.089623 0.352201
3 0.904481 0.362683 0.058962 0.274633
3 0.095519 0.466457 0.049528 0.255765
4 0.948113 0.388889 0.028302 0.247379
4 0.051297 0.481132 0.034198 0.218029
5 0.973467 0.387841 0.022406 0.228512
5 0.017689 0.475891 0.033019 0.182390
6 0.991156 0.375262 0.017688 0.144654
0 0.577830 0.801887 0.108491 0.289308
0 0.469340 0.805031 0.108491 0.291405
1 0.686321 0.796646 0.110849 0.295597
1 0.366156 0.819706 0.100236 0.299790
2 0.789505 0.784067 0.097877 0.371069
2 0.266509 0.832809 0.091981 0.334382
3 0.867335 0.768344 0.088443 0.306080
3 0.187500 0.843816 0.084906 0.293501
4 0.922170 0.748428 0.080189 0.241090
4 0.127358 0.830189 0.070755 0.220126
5 0.970519 0.721174 0.058962 0.182390
5 0.062500 0.825996 0.091981 0.182390
6 0.967571 0.601677 0.064858 0.056604
6 0.046580 0.736897 0.093160 0.142558
7 0.980542 0.551363 0.038915 0.039832
7 0.028302 0.674004 0.056604 0.071279