0 0.557783 0.418239 0.183962 0.345912
0 0.375590 0.420335 0.173349 0.329140
1 0.711675 0.402516 0.121462 0.327044
2 0.833137 0.404612 0.121462 0.373166
3 0.930425 0.420335 0.075472 0.316562
4 0.984080 0.460168 0.031840 0.253669
1 0.650354 0.625786 0.121462 0.333333
2 0.766509 0.654088 0.108491 0.410901
3 0.865566 0.692872 0.089623 0.207547
4 0.939858 0.679245 0.066038 0.201258
5 0.986439 0.648847 0.027122 0.127883
1 0.235849 0.355346 0.096698 0.228512
2 0.134434 0.322851 0.080189 0.163522
3 0.066627 0.339623 0.043632 0.129979
0 0.530660 0.677149 0.110849 0.180294