0 0.588443 0.390985 0.167453 0.329140
0 0.417453 0.395178 0.165094 0.316562
1 0.733491 0.366876 0.117925 0.310273
1 0.282429 0.367925 0.104953 0.283019
2 0.844929 0.363732 0.102594 0.337526
2 0.190448 0.399371 0.079009 0.320755
3 0.932193 0.390985 0.071934 0.270440
3 0.125590 0.417191 0.050708 0.247379
4 0.984670 0.422432 0.030660 0.224319
4 0.086085 0.441300 0.025943 0.203354
0 0.561910 0.575472 0.102594 0.274633
0 0.457547 0.570231 0.103774 0.272537
1 0.673349 0.595388 0.117925 0.268344
1 0.356722 0.584906 0.097877 0.280922
2 0.783019 0.595388 0.103774 0.360587
2 0.259434 0.642558 0.094340 0.262055
3 0.877948 0.624738 0.081368 0.218029
3 0.179245 0.633124 0.066038 0.159329
4 0.948113 0.613208 0.061321 0.178197
4 0.123231 0.634172 0.045991 0.182390
5 0.070165 0.622642 0.057783 0.146751