0 0.579009 0.451782 0.169811 0.341719
0 0.410377 0.457023 0.169811 0.335430
1 0.720519 0.420335 0.110849 0.312369
1 0.272995 0.446541 0.102594 0.297694
2 0.824292 0.403564 0.099057 0.337526
2 0.177476 0.480084 0.088443 0.331237
3 0.906840 0.414046 0.066038 0.270440
3 0.107311 0.498952 0.044811 0.251572
4 0.955778 0.441300 0.034198 0.207547
4 0.067807 0.509434 0.031840 0.213836
5 0.986439 0.430818 0.027122 0.190776
5 0.037736 0.492662 0.028302 0.176101
0 0.556014 0.618449 0.104953 0.285115
0 0.451651 0.616352 0.101415 0.285115
1 0.665094 0.639413 0.113208 0.259958
1 0.347877 0.654088 0.101415 0.276730
2 0.768278 0.634172 0.097877 0.375262
2 0.249410 0.709644 0.093160 0.287212
3 0.856722 0.676101 0.079009 0.215933
3 0.166863 0.721174 0.071934 0.159329
4 0.924528 0.646751 0.056604 0.190776
4 0.109080 0.699161 0.043632 0.153040
5 0.977005 0.626834 0.045990 0.167715
5 0.052476 0.691824 0.064858 0.142558