0 0.597877 0.405660 0.176887 0.333333
0 0.425118 0.416143 0.166274 0.329140
1 0.738208 0.370021 0.103774 0.324948
1 0.285377 0.408805 0.108491 0.289308
2 0.837264 0.357442 0.096698 0.358491
2 0.186321 0.441300 0.089623 0.350105
3 0.915094 0.370021 0.056604 0.291405
3 0.114387 0.470650 0.054245 0.262055
4 0.958137 0.406709 0.027123 0.226415
4 0.064269 0.487421 0.041274 0.224319
5 0.984670 0.399371 0.025943 0.215933
5 0.025943 0.480084 0.035377 0.205451
0 0.599057 0.818658 0.106132 0.287212
0 0.489976 0.822851 0.107311 0.287212
1 0.705189 0.815514 0.108491 0.289308
1 0.387382 0.842767 0.100236 0.301887
2 0.806604 0.786164 0.094340 0.335430
2 0.288325 0.839623 0.097877 0.312369
3 0.885024 0.773585 0.090802 0.276730
3 0.205778 0.844864 0.081368 0.272537
4 0.942217 0.759958 0.077830 0.228512
4 0.148585 0.850105 0.080189 0.232704
5 0.974057 0.723270 0.051886 0.167715
5 0.080778 0.842767 0.097877 0.192872
6 0.970519 0.613208 0.058962 0.064990
6 0.055425 0.750524 0.103774 0.146751
7 0.989976 0.561845 0.020047 0.041929
7 0.040094 0.696017 0.070755 0.079665