0 0.594340 0.320755 0.179245 0.352201
0 0.412736 0.322851 0.183962 0.335430
1 0.744693 0.299790 0.116745 0.331237
1 0.264741 0.310273 0.114387 0.293501
2 0.853774 0.318658 0.101415 0.364780
2 0.158608 0.351153 0.095519 0.341719
3 0.939269 0.338574 0.064858 0.303983
3 0.079599 0.385744 0.055425 0.276730
4 0.981132 0.397275 0.037736 0.236897
4 0.030660 0.412998 0.040094 0.243187
0 0.606132 0.772537 0.115566 0.278826
0 0.492925 0.775681 0.108491 0.280922
1 0.716981 0.793501 0.103774 0.329140
1 0.383255 0.792453 0.110849 0.314465
2 0.273585 0.808176 0.103774 0.383648
3 0.181014 0.811321 0.083726 0.322851
3 0.910377 0.756813 0.084906 0.289308
4 0.118514 0.802935 0.074292 0.243187
4 0.972288 0.773585 0.055424 0.268344
5 0.052476 0.810273 0.097877 0.186583
6 0.042453 0.724319 0.084906 0.140461
7 0.023585 0.648847 0.042453 0.052411