0 0.579009 0.393082 0.167453 0.350105
0 0.408608 0.408805 0.173349 0.335430
1 0.716981 0.359539 0.110849 0.320755
1 0.266509 0.393082 0.108491 0.299790
2 0.819575 0.343816 0.094340 0.360587
2 0.168632 0.437107 0.084906 0.337526
3 0.896816 0.358491 0.060142 0.297694
3 0.096108 0.459119 0.057783 0.264151
4 0.943396 0.385744 0.025943 0.243187
4 0.047170 0.475891 0.037736 0.230608
5 0.969340 0.377358 0.023585 0.230608
5 0.013561 0.469602 0.027122 0.209644
6 0.990566 0.357442 0.018868 0.157233
0 0.568986 0.792453 0.112028 0.301887
0 0.461675 0.792453 0.102594 0.297694
1 0.679245 0.787212 0.108491 0.299790
1 0.361439 0.813417 0.100236 0.310273
2 0.783019 0.770440 0.094340 0.366876
2 0.262382 0.821803 0.095519 0.356394
3 0.859670 0.753669 0.089623 0.308176
3 0.183373 0.821803 0.090802 0.293501
4 0.918042 0.742138 0.081368 0.251572
4 0.121462 0.819706 0.073113 0.230608
5 0.966981 0.712788 0.066038 0.192872
5 0.058373 0.818658 0.100236 0.190776
6 0.959906 0.588050 0.077830 0.056604
6 0.041274 0.719078 0.082547 0.134172
7 0.981132 0.550314 0.037736 0.060797
7 0.027123 0.654088 0.047170 0.062893