0 0.607901 0.412998 0.175708 0.331237
0 0.434552 0.419287 0.168632 0.343816
1 0.749410 0.375262 0.102594 0.306080
1 0.297759 0.414046 0.104953 0.287212
2 0.847288 0.361635 0.090802 0.358491
2 0.197524 0.448637 0.093160 0.339623
3 0.922170 0.378407 0.061321 0.278826
3 0.122642 0.474843 0.056604 0.266247
4 0.967571 0.401468 0.029481 0.241090
4 0.070755 0.488470 0.042453 0.222222
5 0.990566 0.395178 0.018868 0.207547
5 0.033608 0.483229 0.029481 0.194969
0 0.602005 0.810273 0.116745 0.283019
0 0.494104 0.813417 0.101415 0.289308
1 0.714033 0.807128 0.107311 0.289308
1 0.392689 0.836478 0.096698 0.297694
2 0.811321 0.790356 0.094340 0.360587
2 0.294811 0.839623 0.099057 0.320754
3 0.888561 0.774633 0.090802 0.295597
3 0.212264 0.841719 0.084906 0.270440
4 0.943396 0.746331 0.084906 0.213836
4 0.149175 0.832285 0.079009 0.209644
5 0.978184 0.708595 0.043632 0.129979
5 0.085495 0.834382 0.100236 0.180294
6 0.974057 0.604822 0.049528 0.060797
6 0.057193 0.745283 0.100236 0.144654
7 0.053656 0.681342 0.069575 0.071279