0 0.572524 0.394130 0.175708 0.343816
0 0.399175 0.396226 0.168632 0.322851
1 0.721698 0.372117 0.113208 0.324948
1 0.260613 0.367925 0.110849 0.295597
2 0.837854 0.377358 0.109670 0.339623
2 0.166863 0.396226 0.081368 0.331237
3 0.929835 0.402516 0.074292 0.293501
3 0.100825 0.418239 0.043632 0.270440
4 0.984670 0.444444 0.030660 0.226415
4 0.063679 0.435010 0.030660 0.211740
5 0.037736 0.475891 0.018868 0.058700
0 0.547759 0.571279 0.095519 0.308176
0 0.439269 0.566038 0.102594 0.297694
1 0.659198 0.612159 0.113208 0.297694
1 0.336675 0.589099 0.097877 0.306080
2 0.768868 0.612159 0.103774 0.381551
2 0.232311 0.646751 0.108491 0.295597
3 0.864976 0.645702 0.088443 0.226415
3 0.153892 0.653040 0.069575 0.190776
4 0.938679 0.641509 0.058962 0.184486
4 0.101415 0.632075 0.042453 0.157233
5 0.985259 0.619497 0.029481 0.132075
5 0.048349 0.619497 0.061321 0.144654
6 0.017689 0.599581 0.035377 0.117400