0 0.579009 0.404612 0.174528 0.337526
0 0.407429 0.410901 0.166274 0.341719
1 0.719340 0.364780 0.108491 0.329140
1 0.268278 0.407757 0.109670 0.297694
2 0.819575 0.349057 0.094340 0.364780
2 0.168042 0.439203 0.088443 0.335430
3 0.897995 0.371069 0.060142 0.299790
3 0.094929 0.470650 0.055425 0.268344
4 0.942807 0.399371 0.029481 0.243187
4 0.048349 0.487421 0.040094 0.218029
5 0.972877 0.393082 0.028302 0.226415
5 0.013561 0.488470 0.027122 0.178197
6 0.992925 0.378407 0.014150 0.155136
0 0.586675 0.785115 0.114387 0.251572
0 0.476415 0.792453 0.103774 0.253669
1 0.694575 0.777778 0.103774 0.224319
1 0.375000 0.808176 0.096698 0.251572
2 0.792453 0.746331 0.091981 0.278826
2 0.276533 0.807128 0.093160 0.266247
3 0.870873 0.741090 0.095519 0.234801
3 0.195755 0.823899 0.089623 0.236897
4 0.925708 0.741090 0.077830 0.201258
4 0.134434 0.833333 0.073113 0.218029
5 0.969340 0.735849 0.056604 0.199161
5 0.070165 0.831237 0.095519 0.188679
6 0.969340 0.620545 0.061320 0.090147
6 0.049528 0.755765 0.096698 0.159329
7 0.983491 0.560797 0.033018 0.058700
7 0.030071 0.681342 0.053066 0.081761