0 0.593750 0.388889 0.180425 0.352201
0 0.415684 0.390985 0.168632 0.339623
1 0.274764 0.258910 0.082547 0.104822
1 0.750590 0.377358 0.130896 0.329140
2 0.872052 0.386792 0.114387 0.368973
3 0.964033 0.407757 0.071934 0.322851
0 0.568986 0.578616 0.112028 0.324948
0 0.455778 0.574423 0.104953 0.303983
1 0.686321 0.611111 0.115566 0.327044
1 0.349057 0.655136 0.103774 0.184486
2 0.800118 0.624738 0.114387 0.400419
3 0.900354 0.672956 0.086085 0.203354
4 0.971108 0.671908 0.057783 0.201258
2 0.169811 0.250524 0.051887 0.092243