0 0.596698 0.321803 0.179245 0.345912
0 0.417453 0.323899 0.183962 0.333333
1 0.747052 0.303983 0.116745 0.331237
1 0.266509 0.308176 0.115566 0.306080
2 0.855542 0.319706 0.102594 0.358491
2 0.160377 0.357442 0.094340 0.350105
3 0.938090 0.345912 0.062500 0.310273
3 0.082547 0.385744 0.061321 0.276730
4 0.978774 0.393082 0.042452 0.257862
4 0.031250 0.414046 0.038915 0.236897
0 0.608491 0.776730 0.115566 0.295597
0 0.493514 0.780922 0.112028 0.295597
1 0.719340 0.779874 0.108491 0.310273
1 0.383255 0.790356 0.110849 0.314465
2 0.276533 0.808176 0.104953 0.375262
2 0.825472 0.722222 0.103774 0.274633
3 0.188679 0.809224 0.094340 0.310273
3 0.912736 0.758910 0.089623 0.289308
4 0.123231 0.800839 0.083726 0.234801
4 0.965212 0.770440 0.069575 0.266247
5 0.055425 0.807128 0.106132 0.205451
6 0.043042 0.721174 0.086084 0.142558
7 0.023585 0.647799 0.042453 0.050314