0 0.577241 0.443396 0.170991 0.339623
0 0.406250 0.447589 0.168632 0.335430
1 0.718160 0.411950 0.113208 0.306080
1 0.268868 0.437107 0.101415 0.306080
2 0.824882 0.390985 0.097877 0.356394
2 0.175708 0.473795 0.087264 0.337526
3 0.907429 0.412998 0.067217 0.274633
3 0.106132 0.492662 0.051887 0.249476
4 0.957547 0.432914 0.033019 0.230608
4 0.063679 0.505241 0.033019 0.220126
5 0.987028 0.416143 0.021226 0.197065
5 0.031840 0.480084 0.025943 0.186583
0 0.553066 0.621593 0.106132 0.297694
0 0.449882 0.622642 0.100236 0.303983
1 0.665684 0.633124 0.116745 0.266247
1 0.349057 0.650943 0.096698 0.280922
2 0.770047 0.623690 0.094340 0.352201
2 0.250590 0.714885 0.100236 0.270440
3 0.857901 0.671908 0.079009 0.205451
3 0.165094 0.721174 0.066038 0.165618
4 0.922759 0.646751 0.064858 0.188679
4 0.107311 0.691824 0.047170 0.148847
5 0.976415 0.618449 0.047170 0.144654
5 0.048349 0.684486 0.068396 0.138365