7 0.983491 0.560797 0.033018 0.041929
6 0.964623 0.604822 0.070754 0.054507
7 0.031840 0.679245 0.049528 0.073375
6 0.043042 0.744235 0.086084 0.148847
5 0.964623 0.722222 0.070754 0.184486
5 0.061321 0.824948 0.099057 0.201258
4 0.919811 0.743187 0.075472 0.234801
4 0.126179 0.839623 0.068396 0.230608
3 0.862618 0.770440 0.095519 0.301887
3 0.186910 0.832285 0.081368 0.287212
2 0.783608 0.790356 0.104953 0.383648
2 0.266509 0.832285 0.094340 0.329140
1 0.679245 0.799790 0.103774 0.297694
1 0.364387 0.834382 0.099057 0.316562
0 0.573113 0.810273 0.108491 0.280922
0 0.468750 0.807128 0.100236 0.283019
0 0.581958 0.409853 0.166274 0.343816
0 0.412736 0.420335 0.169811 0.335430
1 0.721698 0.373166 0.113208 0.320755
1 0.271226 0.408805 0.108491 0.308176
2 0.824292 0.362683 0.091981 0.362683
2 0.171580 0.448637 0.090802 0.350105
3 0.902123 0.376310 0.063679 0.276730
3 0.097288 0.464361 0.055425 0.268344
4 0.948113 0.401468 0.028302 0.243187
4 0.051887 0.486373 0.037736 0.232704
5 0.974057 0.396226 0.023585 0.224319
5 0.017099 0.484277 0.029481 0.207547
6 0.992335 0.379455 0.015330 0.153040