0 0.600825 0.404612 0.163915 0.320755
0 0.431014 0.410901 0.168632 0.312369
1 0.743514 0.381551 0.116745 0.303983
1 0.294811 0.390985 0.103774 0.285115
2 0.852594 0.386792 0.099057 0.348008
2 0.200472 0.423480 0.080189 0.312369
3 0.939858 0.417191 0.073113 0.262055
3 0.137972 0.457023 0.040094 0.232704
4 0.988208 0.452830 0.023584 0.215933
4 0.102594 0.474843 0.033019 0.180294
0 0.574882 0.590147 0.104953 0.268344
0 0.470519 0.585954 0.096698 0.259958
1 0.688090 0.605870 0.116745 0.262055
1 0.373231 0.594340 0.095519 0.264151
2 0.794811 0.602725 0.103774 0.364780
2 0.281840 0.620545 0.087264 0.241090
3 0.887972 0.647799 0.082547 0.211740
3 0.198703 0.644654 0.074292 0.134172
4 0.958726 0.634172 0.061321 0.180294
4 0.139741 0.648847 0.043632 0.150943
5 0.089033 0.636268 0.055425 0.134172
6 0.063090 0.597484 0.045991 0.073375