0 0.589033 0.381551 0.185142 0.366876
0 0.403892 0.386792 0.180425 0.343816
1 0.744693 0.371069 0.126179 0.333333
1 0.265920 0.278826 0.083726 0.132075
2 0.865566 0.383648 0.117925 0.379455
2 0.162146 0.258910 0.067217 0.092243
3 0.962264 0.403564 0.075472 0.314465
0 0.561321 0.576520 0.120283 0.341719
0 0.443986 0.566038 0.100236 0.333333
1 0.678066 0.606918 0.117925 0.327044
1 0.341392 0.649895 0.107311 0.174004
2 0.793042 0.612159 0.112028 0.408805
3 0.894458 0.670860 0.088443 0.194969
4 0.968750 0.665618 0.062500 0.201258