0 0.568396 0.397275 0.172170 0.335430
0 0.395637 0.397275 0.166274 0.322851
1 0.718750 0.381551 0.119104 0.308176
1 0.256486 0.368973 0.104953 0.295597
2 0.833726 0.380503 0.108491 0.348008
2 0.165094 0.400419 0.084906 0.329140
3 0.925118 0.398323 0.074292 0.299790
3 0.099646 0.415094 0.048349 0.266247
4 0.980542 0.428721 0.038915 0.243187
4 0.061910 0.438155 0.029481 0.215933
5 0.030660 0.479036 0.025943 0.054507
0 0.547759 0.577568 0.097877 0.289308
0 0.441627 0.569182 0.104953 0.272537
1 0.656250 0.593291 0.116745 0.295597
1 0.333726 0.587002 0.099057 0.316562
2 0.767689 0.600629 0.099057 0.373166
2 0.230542 0.647799 0.104953 0.303983
3 0.861439 0.632075 0.090802 0.251572
3 0.156840 0.623690 0.082547 0.243187
4 0.933962 0.619497 0.075472 0.247379
4 0.098467 0.635220 0.038915 0.174004
5 0.985849 0.614256 0.028302 0.136268
5 0.044222 0.620021 0.062500 0.141509
6 0.018868 0.585954 0.037736 0.123690