0 0.588443 0.384696 0.179245 0.377358
0 0.408019 0.389937 0.174528 0.341719
1 0.743514 0.383648 0.128538 0.329140
1 0.268868 0.291405 0.087264 0.140461
2 0.864387 0.389937 0.113208 0.366876
2 0.161557 0.262055 0.068396 0.085954
3 0.960495 0.406709 0.079009 0.324948
0 0.561910 0.590147 0.107311 0.327044
0 0.450472 0.578616 0.108491 0.312369
1 0.676297 0.602725 0.126179 0.343816
1 0.345519 0.656184 0.096698 0.190776
2 0.794811 0.615304 0.108491 0.402516
3 0.892689 0.683438 0.087264 0.220126
4 0.968160 0.671908 0.063679 0.209644