0 0.607901 0.415094 0.173349 0.335430
0 0.439269 0.423480 0.168632 0.331237
1 0.747642 0.376310 0.108491 0.324948
1 0.297170 0.415094 0.113208 0.297694
2 0.849057 0.367925 0.094340 0.345912
2 0.195165 0.450734 0.090802 0.339623
3 0.925708 0.374214 0.061321 0.283019
3 0.123231 0.473795 0.053066 0.276730
4 0.969340 0.407757 0.023585 0.224319
4 0.076651 0.493711 0.040094 0.224319
5 0.990566 0.406709 0.018868 0.209644
5 0.039505 0.484277 0.034198 0.201258
0 0.605542 0.812369 0.109670 0.283019
0 0.495283 0.812369 0.103774 0.274633
1 0.715212 0.807128 0.104953 0.293501
1 0.392099 0.838574 0.100236 0.310273
2 0.815448 0.793501 0.093160 0.354298
2 0.295401 0.834382 0.093160 0.318658
3 0.890920 0.766247 0.093160 0.283019
3 0.212264 0.839623 0.084906 0.266247
4 0.945165 0.756813 0.081368 0.230608
4 0.153302 0.841719 0.077830 0.224319
5 0.977005 0.712788 0.045990 0.142558
5 0.088443 0.834382 0.091981 0.184486
6 0.972877 0.610063 0.054245 0.062893
6 0.059552 0.746331 0.107311 0.142558
7 0.050708 0.685535 0.054245 0.067086