0 0.578420 0.392034 0.166274 0.348008
0 0.408608 0.399371 0.170991 0.345912
1 0.718160 0.360587 0.115566 0.327044
1 0.267689 0.394130 0.110849 0.301887
2 0.821934 0.341719 0.091981 0.368973
2 0.166274 0.436059 0.087264 0.343816
3 0.898585 0.361635 0.056604 0.291405
3 0.094340 0.452830 0.054245 0.276730
4 0.941038 0.388889 0.030660 0.241090
4 0.047759 0.477987 0.034198 0.226415
5 0.969929 0.385744 0.024764 0.222222
5 0.015330 0.469602 0.025943 0.209644
6 0.991745 0.367925 0.016509 0.157233
0 0.570755 0.793501 0.113208 0.291405
0 0.462264 0.795597 0.103774 0.295597
1 0.681014 0.791405 0.107311 0.295597
1 0.360849 0.817610 0.101415 0.314465
2 0.781250 0.774633 0.095519 0.371069
2 0.261792 0.823899 0.096698 0.352201
3 0.859670 0.754717 0.091981 0.293501
3 0.181604 0.822851 0.087264 0.291405
4 0.916274 0.741090 0.082547 0.245283
4 0.122052 0.814465 0.074292 0.228512
5 0.966392 0.718029 0.067216 0.194969
5 0.056604 0.811321 0.096698 0.188679
6 0.962854 0.591195 0.074292 0.058700
6 0.040094 0.722222 0.080188 0.136268
7 0.981722 0.553459 0.036556 0.058700
7 0.026533 0.665618 0.050708 0.069182