0 0.555425 0.419287 0.183962 0.360587
0 0.374410 0.394130 0.168632 0.297694
1 0.708726 0.402516 0.125000 0.343816
2 0.833726 0.407757 0.117925 0.366876
3 0.929245 0.427673 0.075472 0.310273
4 0.983491 0.462264 0.033018 0.241090
1 0.649764 0.634172 0.115566 0.345912
2 0.764151 0.647799 0.110849 0.402516
3 0.865566 0.696017 0.089623 0.209644
4 0.939269 0.687631 0.064858 0.209644
5 0.984670 0.650943 0.030660 0.132075
0 0.532429 0.686583 0.100236 0.174004
1 0.241745 0.296646 0.087264 0.136268
2 0.126769 0.300839 0.057783 0.123690