0 0.579009 0.399371 0.167453 0.331237
0 0.409198 0.405660 0.167453 0.335430
1 0.718160 0.361635 0.110849 0.314465
1 0.268278 0.401468 0.114387 0.293501
2 0.821344 0.357442 0.093160 0.348008
2 0.165684 0.438155 0.090802 0.345912
3 0.899175 0.371069 0.062500 0.274633
3 0.093750 0.472746 0.053066 0.251572
4 0.944575 0.392034 0.028302 0.245283
4 0.048349 0.485325 0.040094 0.226415
5 0.971108 0.392034 0.027123 0.228512
5 0.014741 0.486373 0.029481 0.194969
6 0.992335 0.373166 0.015330 0.157233
0 0.583726 0.775681 0.108491 0.194969
0 0.477005 0.787212 0.102594 0.209644
1 0.695165 0.759958 0.107311 0.205451
1 0.376179 0.798742 0.101415 0.211740
2 0.793632 0.737945 0.094340 0.257862
2 0.278302 0.796646 0.096698 0.232704
3 0.871462 0.731656 0.091981 0.224319
3 0.195165 0.815514 0.086085 0.207547
4 0.928066 0.735849 0.082547 0.194969
4 0.133844 0.833333 0.074292 0.205451
5 0.971698 0.721174 0.056604 0.178197
5 0.072524 0.831237 0.097877 0.180294
6 0.966981 0.613208 0.066038 0.079665
6 0.047170 0.755765 0.094340 0.150943
7 0.981722 0.559748 0.036556 0.044025
7 0.031840 0.684486 0.063679 0.071279