0 0.573113 0.437107 0.174528 0.335430
0 0.401533 0.441300 0.163915 0.331237
1 0.716392 0.405660 0.112028 0.318658
1 0.265330 0.430818 0.106132 0.301887
2 0.820755 0.384696 0.099057 0.360587
2 0.170991 0.463312 0.082547 0.345912
3 0.905071 0.400419 0.067217 0.291405
3 0.103184 0.479036 0.050708 0.276730
4 0.955778 0.427673 0.031840 0.241090
4 0.060731 0.488470 0.036557 0.228512
5 0.985849 0.406709 0.028302 0.203354
5 0.030660 0.471698 0.025943 0.182390
0 0.548939 0.602725 0.109670 0.327044
0 0.446344 0.605870 0.100236 0.333333
1 0.663325 0.637317 0.116745 0.253669
1 0.343750 0.644654 0.104953 0.293501
2 0.768278 0.622642 0.095519 0.371069
2 0.242925 0.714885 0.099057 0.266247
3 0.855542 0.669811 0.079009 0.218029
3 0.160967 0.723270 0.064858 0.169811
4 0.919222 0.643606 0.064858 0.190776
4 0.102005 0.687631 0.048349 0.140461
5 0.972288 0.620545 0.055424 0.140461
5 0.043042 0.676101 0.067217 0.146751