0 0.594340 0.321803 0.179245 0.345912
0 0.415684 0.330189 0.178066 0.333333
1 0.744693 0.315514 0.121462 0.320755
1 0.266509 0.315514 0.122642 0.303983
2 0.856132 0.320755 0.099057 0.364780
2 0.158608 0.354298 0.093160 0.364780
3 0.936910 0.352201 0.062500 0.306080
3 0.081958 0.388889 0.060142 0.283019
4 0.975236 0.401468 0.047170 0.257862
4 0.032429 0.415094 0.045991 0.251572
0 0.605542 0.792453 0.116745 0.306080
0 0.488797 0.768344 0.112028 0.253669
1 0.719340 0.799790 0.103774 0.320755
1 0.380896 0.808176 0.108491 0.320755
2 0.825472 0.802935 0.101415 0.389937
2 0.274175 0.815514 0.104953 0.368972
3 0.906840 0.794549 0.096698 0.322851
3 0.186910 0.830189 0.097877 0.327044
4 0.962854 0.793501 0.074292 0.274633
4 0.120873 0.832285 0.086085 0.272537
5 0.052476 0.817610 0.104952 0.201258
6 0.041863 0.707547 0.083726 0.102725
7 0.022406 0.654088 0.035377 0.046122