0 0.582547 0.395178 0.183962 0.362683
0 0.397995 0.385744 0.182783 0.356394
1 0.737028 0.385744 0.125000 0.335430
1 0.260613 0.316562 0.089623 0.197065
2 0.859670 0.386792 0.115566 0.375262
2 0.157429 0.271488 0.071934 0.102725
3 0.957547 0.407757 0.075472 0.303983
0 0.556604 0.587002 0.106132 0.331237
0 0.443396 0.576520 0.110849 0.314465
1 0.671580 0.613208 0.121462 0.324948
1 0.336085 0.658281 0.096698 0.192872
2 0.788325 0.617400 0.114387 0.421384
3 0.890330 0.681342 0.087264 0.213836
4 0.966392 0.663522 0.067216 0.199161