0 0.587264 0.310273 0.174528 0.366876
0 0.406250 0.309224 0.180425 0.348008
1 0.735849 0.305031 0.120283 0.318658
1 0.257075 0.308176 0.117925 0.295597
2 0.846698 0.313417 0.099057 0.356394
2 0.150943 0.348008 0.096698 0.354298
3 0.929835 0.337526 0.067217 0.295597
3 0.073113 0.379455 0.061321 0.283019
4 0.966981 0.388889 0.047170 0.247379
4 0.024764 0.406709 0.040094 0.236897
0 0.482311 0.773585 0.113208 0.270440
1 0.711085 0.795597 0.113208 0.310273
1 0.372642 0.801887 0.103774 0.314465
2 0.820755 0.790356 0.101415 0.400419
2 0.267099 0.807652 0.104953 0.384696
3 0.900354 0.776730 0.097877 0.318658
3 0.178656 0.813417 0.095519 0.320755
4 0.961675 0.778826 0.076650 0.268344
4 0.114387 0.802935 0.082547 0.232704
5 0.050118 0.812369 0.100236 0.213836
6 0.040094 0.697065 0.080188 0.088050
7 0.022406 0.650943 0.044811 0.046122