0 0.591392 0.386792 0.185142 0.373166
0 0.411557 0.388889 0.169811 0.339623
1 0.745873 0.380503 0.123821 0.335430
1 0.267099 0.258910 0.081368 0.109015
2 0.867925 0.389937 0.117925 0.383648
2 0.160967 0.255765 0.064858 0.081761
3 0.962854 0.407757 0.074292 0.318658
0 0.560731 0.578616 0.116745 0.329140
0 0.443986 0.572327 0.104953 0.316562
1 0.678656 0.601677 0.121462 0.320755
1 0.340212 0.656184 0.093160 0.186583
2 0.794811 0.623690 0.110849 0.394130
3 0.894458 0.686583 0.090802 0.213836
4 0.969929 0.669811 0.060142 0.192872