0 0.569575 0.388889 0.172170 0.352201
0 0.396226 0.390985 0.169811 0.327044
1 0.719929 0.377358 0.123821 0.320755
1 0.256486 0.374214 0.114387 0.289308
2 0.837264 0.376310 0.103774 0.348008
2 0.165684 0.398323 0.090802 0.333333
3 0.926887 0.393082 0.073113 0.293501
3 0.098467 0.414046 0.038915 0.272537
4 0.981132 0.441300 0.037736 0.230608
4 0.063679 0.432914 0.033019 0.209644
5 0.034198 0.476939 0.016509 0.058700
0 0.544222 0.570231 0.097877 0.308176
0 0.437500 0.560797 0.096698 0.301887
1 0.658019 0.590147 0.117925 0.322851
1 0.329599 0.602725 0.090802 0.293501
2 0.766509 0.609015 0.108491 0.381551
2 0.230542 0.647799 0.109670 0.312369
3 0.860849 0.631027 0.089623 0.253669
3 0.149764 0.657233 0.068396 0.201258
4 0.933962 0.635220 0.070755 0.220126
4 0.094340 0.634172 0.037736 0.171908
5 0.984670 0.618449 0.030660 0.132075
5 0.041274 0.615828 0.058962 0.141509
6 0.021226 0.592243 0.037736 0.115304