0 0.558962 0.421384 0.183962 0.373166
0 0.382075 0.385744 0.172170 0.259958
1 0.715802 0.406709 0.127358 0.331237
2 0.836675 0.409853 0.107311 0.362683
3 0.932783 0.424528 0.077830 0.312369
4 0.986439 0.467505 0.027122 0.255765
1 0.653892 0.638365 0.114387 0.345912
2 0.765920 0.651992 0.102594 0.398323
3 0.864976 0.706499 0.095519 0.230608
4 0.943396 0.681342 0.063679 0.201258
5 0.988208 0.659329 0.023584 0.127883
1 0.237618 0.283019 0.069575 0.096436
2 0.130896 0.308176 0.063679 0.129979
0 0.532429 0.688679 0.102594 0.169811