0 0.599057 0.399371 0.169811 0.322851
0 0.429835 0.396226 0.168632 0.316562
1 0.742335 0.375262 0.116745 0.299790
1 0.295401 0.382600 0.097877 0.280922
2 0.851415 0.374214 0.101415 0.322851
2 0.204599 0.417191 0.081368 0.312369
3 0.942217 0.406709 0.073113 0.270440
3 0.140330 0.440252 0.047170 0.249476
4 0.989976 0.448637 0.020047 0.215933
4 0.103184 0.458071 0.029481 0.201258
0 0.576061 0.583857 0.102594 0.238994
0 0.474057 0.584906 0.099057 0.249476
1 0.688090 0.604822 0.121462 0.255765
1 0.375590 0.602725 0.102594 0.226415
2 0.797170 0.600629 0.099057 0.364780
2 0.282429 0.612159 0.086085 0.262055
3 0.887972 0.643606 0.082547 0.215933
3 0.198703 0.643606 0.076651 0.140461
4 0.956958 0.633124 0.055425 0.186583
4 0.139741 0.640461 0.041274 0.159329
5 0.090212 0.629979 0.060142 0.138365
6 0.064858 0.588050 0.049528 0.071279