0 0.578420 0.452830 0.170991 0.320755
0 0.408019 0.459119 0.169811 0.329140
1 0.721108 0.422432 0.114387 0.318658
1 0.270637 0.446541 0.104953 0.291405
2 0.826061 0.403564 0.095519 0.352201
2 0.175118 0.480084 0.083726 0.333333
3 0.908608 0.416143 0.071934 0.280922
3 0.106722 0.497904 0.050708 0.268344
4 0.961085 0.445493 0.030660 0.222222
4 0.063679 0.507338 0.033019 0.220126
5 0.988208 0.430818 0.023584 0.197065
5 0.033608 0.485325 0.027123 0.171908
0 0.554835 0.623690 0.107311 0.318658
0 0.450472 0.624738 0.099057 0.320755
1 0.664505 0.649895 0.114387 0.266247
1 0.349057 0.658281 0.101415 0.291405
2 0.770047 0.638365 0.099057 0.352201
2 0.248231 0.731656 0.100236 0.278826
3 0.859080 0.678197 0.076651 0.192872
3 0.164505 0.727463 0.067217 0.169811
4 0.919222 0.654088 0.067217 0.199161
4 0.107311 0.707547 0.049528 0.150943
5 0.977005 0.633124 0.045990 0.148847
5 0.049528 0.690776 0.066038 0.150943