0 0.583137 0.450734 0.173349 0.324948
0 0.412146 0.463312 0.163915 0.333333
1 0.724057 0.418239 0.108491 0.310273
1 0.277123 0.443396 0.106132 0.293501
2 0.829599 0.402516 0.102594 0.350105
2 0.181014 0.485325 0.088443 0.327044
3 0.914505 0.426625 0.067217 0.276730
3 0.110259 0.502096 0.050708 0.259958
4 0.962854 0.447589 0.029481 0.222222
4 0.067807 0.519916 0.034198 0.215933
5 0.988208 0.426625 0.023584 0.184486
5 0.037736 0.482180 0.025943 0.186583
0 0.559552 0.619497 0.100236 0.310273
0 0.456958 0.620545 0.102594 0.312369
1 0.667453 0.647799 0.117925 0.266247
1 0.352594 0.661426 0.103774 0.293501
2 0.772406 0.634172 0.094340 0.360587
2 0.254127 0.721174 0.093160 0.274633
3 0.860849 0.681342 0.080189 0.207547
3 0.170991 0.731656 0.073113 0.169811
4 0.926887 0.662474 0.061321 0.194969
4 0.112028 0.706499 0.044811 0.148847
5 0.978774 0.636268 0.042452 0.150943
5 0.054245 0.694969 0.070755 0.138365