0 0.555425 0.415094 0.188679 0.356394
0 0.374410 0.408805 0.173349 0.289308
1 0.712854 0.402516 0.121462 0.327044
2 0.832547 0.408805 0.113208 0.364780
3 0.928656 0.419287 0.079009 0.322851
4 0.984080 0.463312 0.031840 0.251572
1 0.649175 0.637317 0.123821 0.318658
2 0.766509 0.648847 0.108491 0.392034
3 0.864976 0.694969 0.090802 0.207547
4 0.941627 0.680294 0.062500 0.194969
5 0.985849 0.642558 0.028302 0.119497
1 0.239387 0.320755 0.077830 0.163522
2 0.125590 0.312369 0.062500 0.138365
0 0.531840 0.679245 0.096698 0.192872