0 0.555425 0.419287 0.181604 0.360587
0 0.375000 0.386792 0.174528 0.291405
1 0.709316 0.404612 0.123821 0.335430
2 0.832547 0.411950 0.117925 0.371069
3 0.928066 0.425577 0.073113 0.306080
4 0.983491 0.462264 0.033018 0.245283
1 0.650943 0.638365 0.117925 0.324948
2 0.765920 0.651992 0.104953 0.394130
3 0.864976 0.701258 0.090802 0.203354
4 0.932783 0.678197 0.073113 0.194969
5 0.985259 0.654088 0.029481 0.129979
0 0.535967 0.686583 0.097877 0.178197
1 0.239976 0.299790 0.083726 0.134172
2 0.130896 0.285115 0.068396 0.125786