0 0.586085 0.320755 0.176887 0.343816
0 0.404481 0.325996 0.179245 0.324948
1 0.734080 0.298742 0.119104 0.316562
1 0.255307 0.311321 0.121462 0.287212
2 0.841981 0.313417 0.099057 0.362683
2 0.149764 0.352201 0.091981 0.343816
3 0.926887 0.340671 0.068396 0.299790
3 0.071344 0.381551 0.057783 0.268344
4 0.964623 0.392034 0.051887 0.247379
4 0.023585 0.412998 0.037736 0.230608
0 0.597288 0.770440 0.119104 0.291405
0 0.482901 0.767296 0.109670 0.276730
1 0.712264 0.776730 0.113208 0.320755
1 0.374410 0.788260 0.109670 0.310273
2 0.817807 0.733753 0.097877 0.318658
2 0.265330 0.805031 0.103774 0.377358
3 0.901533 0.746331 0.093160 0.293501
3 0.178656 0.798742 0.090802 0.297694
4 0.962854 0.764151 0.074292 0.257862
4 0.115566 0.805031 0.080189 0.243187
5 0.054245 0.799790 0.108490 0.182390
6 0.042453 0.712788 0.084906 0.134172
7 0.021226 0.641509 0.033019 0.050314