0 0.593750 0.403564 0.173349 0.345912
0 0.423939 0.407757 0.168632 0.350105
1 0.733491 0.362683 0.108491 0.310273
1 0.281840 0.401468 0.110849 0.299790
2 0.836675 0.355346 0.093160 0.354298
2 0.181014 0.435010 0.093160 0.350105
3 0.912736 0.373166 0.061321 0.280922
3 0.107311 0.463312 0.058962 0.264151
4 0.956368 0.398323 0.028302 0.234801
4 0.060731 0.482180 0.034198 0.222222
5 0.982901 0.388889 0.024764 0.211740
5 0.022995 0.479036 0.036557 0.194969
0 0.596108 0.810273 0.114387 0.287212
0 0.485849 0.809224 0.103774 0.285115
1 0.705189 0.805031 0.103774 0.289308
1 0.382665 0.835430 0.102594 0.299790
2 0.804835 0.781971 0.097877 0.348008
2 0.287146 0.837526 0.093160 0.324948
3 0.881486 0.767296 0.086085 0.293501
3 0.205778 0.835430 0.088443 0.270440
4 0.935731 0.754717 0.079009 0.243187
4 0.143868 0.837526 0.070755 0.224319
5 0.974057 0.721174 0.051886 0.163522
5 0.079009 0.840671 0.096698 0.192872
6 0.969340 0.602725 0.061320 0.069182
6 0.051297 0.749476 0.102594 0.161426
7 0.982901 0.556604 0.031840 0.039832
7 0.034198 0.680294 0.066038 0.073375