0 0.587854 0.386792 0.182783 0.373166
0 0.408608 0.385744 0.168632 0.350105
1 0.741156 0.379455 0.123821 0.329140
1 0.270637 0.285115 0.090802 0.144654
2 0.864387 0.378407 0.120283 0.381551
2 0.162146 0.255765 0.067217 0.094340
3 0.962264 0.406709 0.075472 0.316562
0 0.563090 0.578616 0.109670 0.345912
0 0.449882 0.575472 0.104953 0.339623
1 0.678656 0.600629 0.123821 0.339623
1 0.342571 0.656184 0.097877 0.186583
2 0.794811 0.611111 0.108491 0.410901
3 0.893278 0.675052 0.088443 0.220126
4 0.968160 0.664570 0.063679 0.199161