0 0.586675 0.402516 0.175708 0.331237
0 0.416274 0.404612 0.165094 0.318658
1 0.732901 0.382600 0.116745 0.308176
1 0.283608 0.386792 0.102594 0.278826
2 0.844340 0.381551 0.103774 0.352201
2 0.192807 0.421384 0.076651 0.322851
3 0.932193 0.407757 0.071934 0.274633
3 0.129717 0.436059 0.049528 0.259958
4 0.984080 0.447589 0.031840 0.228512
4 0.090212 0.453878 0.027123 0.199161
0 0.559552 0.571279 0.107311 0.316562
0 0.457547 0.571279 0.096698 0.308176
1 0.670401 0.601677 0.121462 0.280922
1 0.358491 0.602725 0.103774 0.283019
2 0.781250 0.599581 0.100236 0.368973
2 0.258844 0.669811 0.093160 0.287212
3 0.873231 0.658281 0.083726 0.201258
3 0.181604 0.671908 0.063679 0.161426
4 0.944575 0.649895 0.061321 0.201258
4 0.129717 0.656184 0.042453 0.171908
5 0.075472 0.643606 0.063679 0.138365