0 0.584906 0.401468 0.169811 0.316562
0 0.415684 0.401468 0.166274 0.312369
1 0.729953 0.378407 0.117925 0.308176
1 0.282429 0.379455 0.100236 0.289308
2 0.842571 0.378407 0.104953 0.341719
2 0.191627 0.409853 0.081368 0.329140
3 0.929245 0.404612 0.073113 0.268344
3 0.129717 0.432914 0.047170 0.253669
4 0.979953 0.443396 0.040094 0.203354
4 0.091981 0.452830 0.030660 0.222222
5 0.064269 0.424528 0.024764 0.153040
0 0.567217 0.781971 0.110849 0.285115
0 0.457547 0.778826 0.106132 0.274633
1 0.676297 0.788260 0.109670 0.297694
1 0.360259 0.792453 0.090802 0.301887
2 0.783608 0.785115 0.102594 0.371069
2 0.263561 0.791405 0.097877 0.354298
3 0.870873 0.777778 0.095519 0.306080
3 0.195165 0.778826 0.083726 0.262055
4 0.935731 0.762055 0.081368 0.241090
4 0.146816 0.783019 0.071934 0.232704
5 0.976415 0.715933 0.047170 0.153040
5 0.090212 0.769392 0.088443 0.176101