0 0.597877 0.322851 0.181604 0.354298
0 0.417453 0.325996 0.181604 0.343816
1 0.745283 0.312369 0.113208 0.316562
1 0.267099 0.311321 0.116745 0.301887
2 0.853774 0.317610 0.106132 0.373166
2 0.159198 0.359539 0.091981 0.348008
3 0.939269 0.351153 0.067217 0.310273
3 0.081368 0.394130 0.058962 0.274633
4 0.977594 0.401468 0.040094 0.243187
4 0.034198 0.417191 0.042453 0.228512
0 0.605542 0.750524 0.116745 0.215933
0 0.489976 0.784067 0.112028 0.287212
1 0.719340 0.794549 0.108491 0.299790
1 0.378538 0.808176 0.108491 0.322851
2 0.825472 0.798742 0.103774 0.392034
2 0.273585 0.816038 0.103774 0.367924
3 0.908608 0.775681 0.102594 0.287212
3 0.187500 0.820755 0.099057 0.310273
4 0.964033 0.788260 0.071934 0.274633
4 0.122642 0.814465 0.084906 0.238994
5 0.057193 0.819706 0.109670 0.203354
6 0.043042 0.710692 0.086084 0.098532
7 0.025354 0.654088 0.036557 0.044025