0 0.576651 0.450734 0.174528 0.329140
0 0.406840 0.458071 0.167453 0.331237
1 0.719929 0.418239 0.112028 0.310273
1 0.269458 0.442348 0.104953 0.295597
2 0.824882 0.399371 0.095519 0.343816
2 0.172759 0.476939 0.083726 0.327044
3 0.908608 0.422432 0.069575 0.272537
3 0.105542 0.498952 0.053066 0.266247
4 0.957547 0.443396 0.033019 0.226415
4 0.061910 0.504193 0.031840 0.222222
5 0.987618 0.425577 0.024764 0.199161
5 0.033608 0.477987 0.027123 0.194969
0 0.556604 0.601677 0.106132 0.329140
0 0.452241 0.600629 0.102594 0.327044
1 0.666863 0.646751 0.116745 0.255765
1 0.347288 0.661426 0.107311 0.276730
2 0.768278 0.636268 0.093160 0.368973
2 0.246462 0.727463 0.096698 0.274633
3 0.852594 0.675052 0.077830 0.211740
3 0.165094 0.722222 0.068396 0.163522
4 0.919222 0.653040 0.057783 0.188679
4 0.106722 0.702306 0.050708 0.136268
5 0.974646 0.632075 0.050708 0.150943
5 0.047170 0.690776 0.066038 0.150943