0 0.579599 0.386792 0.175708 0.316562
0 0.410967 0.386792 0.161557 0.312369
1 0.726415 0.364780 0.113208 0.301887
1 0.279481 0.371069 0.101415 0.289308
2 0.835495 0.367925 0.104953 0.345912
2 0.187500 0.398323 0.077830 0.318658
3 0.923939 0.392034 0.074292 0.255765
3 0.123231 0.426625 0.050708 0.257862
4 0.977005 0.432914 0.036557 0.203354
4 0.084316 0.443396 0.029481 0.207547
5 0.059552 0.407757 0.020047 0.148847
0 0.563090 0.740042 0.114387 0.276730
0 0.455778 0.737945 0.100236 0.280922
1 0.673349 0.749476 0.106132 0.299790
1 0.354953 0.754717 0.101415 0.297694
2 0.776533 0.747379 0.107311 0.371069
2 0.259434 0.754717 0.087264 0.343816
3 0.867335 0.742138 0.088443 0.310273
3 0.193396 0.740042 0.080189 0.251572
4 0.932193 0.729560 0.081368 0.238994
4 0.137382 0.742138 0.074292 0.209644
5 0.975825 0.696017 0.048349 0.159329
5 0.089623 0.736897 0.077830 0.165618