0 0.569575 0.387841 0.169811 0.337526
0 0.399764 0.397275 0.165094 0.335430
1 0.712264 0.350105 0.113208 0.329140
1 0.262382 0.390985 0.107311 0.297694
2 0.813090 0.340671 0.093160 0.360587
2 0.159788 0.426625 0.093160 0.360587
3 0.891509 0.353249 0.063679 0.297694
3 0.087264 0.447589 0.051887 0.272537
4 0.938679 0.385744 0.028302 0.232704
4 0.042453 0.475891 0.040094 0.228512
5 0.966981 0.380503 0.028302 0.222222
5 0.011203 0.481132 0.022406 0.192872
6 0.990566 0.365828 0.018868 0.159329
0 0.567807 0.794549 0.109670 0.295597
0 0.459316 0.800839 0.104953 0.291405
1 0.675708 0.791405 0.106132 0.285115
1 0.356132 0.823899 0.096698 0.299790
2 0.777123 0.777778 0.096698 0.366876
2 0.258255 0.832285 0.099057 0.333333
3 0.858491 0.763103 0.094340 0.308176
3 0.177476 0.836478 0.088443 0.291405
4 0.915094 0.749476 0.080189 0.243187
4 0.118514 0.830189 0.074292 0.232704
5 0.967571 0.727463 0.064858 0.174004
5 0.056014 0.824948 0.088443 0.167715
6 0.957547 0.598532 0.080189 0.067086
6 0.043632 0.736897 0.087264 0.142558
7 0.975236 0.545073 0.044811 0.039832
7 0.027712 0.670860 0.053066 0.077568