0 0.589033 0.399371 0.170991 0.316562
0 0.418042 0.402516 0.166274 0.318658
1 0.734080 0.378407 0.116745 0.308176
1 0.283608 0.382600 0.102594 0.291405
2 0.844340 0.379455 0.103774 0.343816
2 0.192807 0.411950 0.076651 0.329140
3 0.932783 0.407757 0.073113 0.266247
3 0.129717 0.440252 0.047170 0.243187
4 0.985259 0.441300 0.029481 0.232704
4 0.093160 0.450734 0.025943 0.213836
0 0.563679 0.577568 0.103774 0.308176
0 0.464033 0.578616 0.100236 0.314465
1 0.676297 0.602725 0.121462 0.262055
1 0.360259 0.592243 0.109670 0.303983
2 0.788325 0.601677 0.100236 0.360587
2 0.259434 0.658281 0.094340 0.301887
3 0.877358 0.644654 0.075472 0.220126
3 0.183373 0.649895 0.062500 0.150943
4 0.945755 0.634172 0.061321 0.186583
4 0.131486 0.641509 0.038915 0.146751
5 0.080189 0.633124 0.066038 0.129979