0 0.589623 0.401468 0.169811 0.312369
0 0.418632 0.401468 0.169811 0.312369
1 0.732311 0.375262 0.115566 0.297694
1 0.281840 0.373166 0.103774 0.297694
2 0.844340 0.378407 0.103774 0.341719
2 0.189269 0.405660 0.079009 0.329140
3 0.932193 0.403564 0.067217 0.257862
3 0.126179 0.424528 0.044811 0.274633
4 0.982901 0.433962 0.034198 0.230608
4 0.088443 0.458071 0.035377 0.203354
0 0.564269 0.567086 0.109670 0.287212
0 0.456368 0.570231 0.096698 0.293501
1 0.676297 0.598532 0.114387 0.283019
1 0.359670 0.585954 0.096698 0.295597
2 0.787736 0.590147 0.103774 0.358491
2 0.269458 0.610063 0.081368 0.238994
3 0.879127 0.642558 0.079009 0.199161
4 0.948113 0.623690 0.056604 0.178197
5 0.080189 0.603774 0.056604 0.088050