0 0.591981 0.395178 0.174528 0.324948
0 0.420991 0.401468 0.165094 0.324948
1 0.737618 0.374214 0.112028 0.303983
1 0.288915 0.370021 0.094340 0.224319
2 0.847288 0.381551 0.104953 0.335430
2 0.199882 0.351153 0.081368 0.199161
3 0.936321 0.406709 0.070755 0.268344
3 0.132665 0.382600 0.048349 0.136268
4 0.985259 0.442348 0.029481 0.234801
0 0.566038 0.581761 0.103774 0.283019
0 0.464033 0.578616 0.100236 0.276730
1 0.678066 0.605870 0.115566 0.255765
1 0.360849 0.611111 0.101415 0.253669
2 0.785377 0.593291 0.101415 0.364780
2 0.264741 0.661426 0.086085 0.245283
3 0.880896 0.653040 0.089623 0.211740
4 0.952830 0.635220 0.054245 0.180294