0 0.587854 0.408805 0.173349 0.322851
0 0.419811 0.401468 0.162736 0.320755
1 0.734080 0.385744 0.116745 0.301887
1 0.287146 0.386792 0.102594 0.278826
2 0.844929 0.386792 0.104953 0.341719
2 0.192217 0.422432 0.080189 0.324948
3 0.931604 0.410901 0.070755 0.268344
3 0.129127 0.440252 0.045991 0.251572
4 0.983491 0.444444 0.033018 0.226415
4 0.091981 0.452830 0.028302 0.226415
0 0.563090 0.560797 0.107311 0.303983
0 0.458726 0.561845 0.099057 0.322851
1 0.676887 0.610063 0.127358 0.280922
1 0.359080 0.610063 0.102594 0.289308
2 0.789505 0.599581 0.095519 0.368973
2 0.260613 0.657233 0.094340 0.312369
3 0.875590 0.645702 0.079009 0.226415
3 0.180425 0.669811 0.066038 0.165618
4 0.945755 0.640461 0.061321 0.199161
4 0.127948 0.665618 0.041274 0.178197
5 0.076651 0.642558 0.056604 0.144654