0 0.553066 0.428721 0.181604 0.345912
0 0.371462 0.416143 0.172170 0.341719
1 0.706368 0.402516 0.125000 0.327044
1 0.234080 0.360587 0.102594 0.226415
2 0.829599 0.405660 0.114387 0.375262
2 0.127358 0.312369 0.068396 0.138365
3 0.925118 0.424528 0.074292 0.316562
3 0.061910 0.344864 0.036557 0.094340
4 0.981722 0.469602 0.036556 0.243187
0 0.522406 0.629979 0.117925 0.283019
1 0.642689 0.627883 0.127358 0.337526
2 0.761792 0.646751 0.108491 0.408805
3 0.863208 0.698113 0.091981 0.209644
4 0.938090 0.678197 0.062500 0.186583
5 0.983491 0.651992 0.033018 0.121593