0 0.592571 0.324948 0.175708 0.343816
0 0.413915 0.325996 0.179245 0.329140
1 0.742925 0.308176 0.117925 0.314465
1 0.265920 0.307128 0.119104 0.299790
2 0.854953 0.315514 0.099057 0.366876
2 0.156840 0.354298 0.096698 0.343816
3 0.936910 0.345912 0.062500 0.297694
3 0.077241 0.385744 0.053066 0.276730
4 0.975236 0.399371 0.044811 0.236897
4 0.028302 0.410901 0.035377 0.243187
0 0.606132 0.779874 0.117925 0.289308
0 0.492335 0.777778 0.112028 0.280922
1 0.724057 0.789308 0.122642 0.324948
1 0.382075 0.790356 0.110849 0.306080
2 0.271816 0.810273 0.107311 0.375262
3 0.183962 0.812369 0.089623 0.324948
3 0.909788 0.801887 0.095519 0.387841
4 0.120283 0.803983 0.080189 0.245283
4 0.966981 0.771488 0.066038 0.268344
5 0.054245 0.806080 0.106132 0.190776
6 0.042453 0.722222 0.082547 0.144654
7 0.024175 0.648847 0.038915 0.048218