0 0.587264 0.394130 0.176887 0.327044
0 0.418042 0.392034 0.161557 0.318658
1 0.733491 0.374214 0.117925 0.303983
1 0.284788 0.378407 0.102594 0.291405
2 0.844340 0.373166 0.103774 0.352201
2 0.192217 0.401468 0.084906 0.329140
3 0.932783 0.397275 0.070755 0.266247
3 0.125000 0.433962 0.049528 0.268344
4 0.983491 0.427673 0.033018 0.226415
4 0.085495 0.457023 0.027123 0.230608
0 0.561321 0.573375 0.106132 0.299790
0 0.459906 0.570231 0.094340 0.297694
1 0.676887 0.597484 0.127358 0.264151
1 0.359080 0.593291 0.102594 0.297694
2 0.792453 0.589099 0.101415 0.368973
2 0.258844 0.644654 0.097877 0.308176
3 0.880896 0.644654 0.075472 0.203354
3 0.179835 0.635220 0.057783 0.142558
4 0.947524 0.626834 0.057783 0.188679
4 0.126769 0.632075 0.045991 0.119497