0 0.597877 0.404612 0.169811 0.316562
0 0.427476 0.402516 0.168632 0.320755
1 0.739387 0.376310 0.115566 0.310273
1 0.293042 0.381551 0.097877 0.291405
2 0.850236 0.381551 0.103774 0.324948
2 0.200472 0.418239 0.084906 0.327044
3 0.939269 0.418239 0.067217 0.259958
3 0.137382 0.442348 0.041274 0.249476
4 0.987028 0.444444 0.025943 0.228512
4 0.100825 0.471698 0.031840 0.190776
0 0.573113 0.585954 0.108491 0.276730
0 0.468750 0.576520 0.097877 0.266247
1 0.686321 0.610063 0.117925 0.278826
1 0.369693 0.593291 0.097877 0.270440
2 0.793042 0.585954 0.097877 0.377358
2 0.274764 0.624738 0.084906 0.249476
3 0.884434 0.640461 0.084906 0.218029
3 0.195165 0.653040 0.076651 0.146751
4 0.956958 0.641509 0.060142 0.186583
4 0.135024 0.651992 0.043632 0.161426
5 0.083726 0.640461 0.058962 0.142558
6 0.061321 0.590147 0.037736 0.067086