0 0.577830 0.441300 0.172170 0.339623
0 0.409198 0.451782 0.165094 0.327044
1 0.719340 0.409853 0.110849 0.310273
1 0.271816 0.438155 0.109670 0.287212
2 0.825472 0.389937 0.099057 0.350105
2 0.174528 0.470650 0.082547 0.331237
3 0.912736 0.416143 0.070755 0.272537
3 0.107311 0.489518 0.051887 0.268344
4 0.962264 0.431866 0.028302 0.228512
4 0.066627 0.508386 0.031840 0.222222
5 0.988208 0.432914 0.023584 0.218029
5 0.035377 0.489518 0.028302 0.197065
0 0.553066 0.621593 0.110849 0.285115
0 0.448113 0.621593 0.096698 0.285115
1 0.665684 0.637317 0.116745 0.262055
1 0.350825 0.654088 0.097877 0.287212
2 0.770047 0.625786 0.091981 0.356394
2 0.250000 0.713836 0.099057 0.293501
3 0.856132 0.674004 0.082547 0.218029
3 0.164505 0.722222 0.067217 0.180294
4 0.925118 0.640461 0.057783 0.184486
4 0.108491 0.697065 0.047170 0.146751
5 0.977005 0.619497 0.045990 0.142558
5 0.050708 0.686583 0.066038 0.129979