0 0.593160 0.387841 0.181604 0.366876
0 0.412736 0.385744 0.172170 0.341719
1 0.750000 0.374214 0.122642 0.348008
1 0.271816 0.263103 0.076651 0.096436
2 0.871462 0.387841 0.113208 0.371069
3 0.964033 0.408805 0.071934 0.308176
0 0.568396 0.584906 0.108491 0.308176
0 0.454009 0.583857 0.106132 0.306080
1 0.686321 0.601677 0.117925 0.329140
1 0.347877 0.657233 0.099057 0.201258
2 0.797170 0.626834 0.103774 0.412998
3 0.896226 0.679245 0.094340 0.224319
4 0.971108 0.664570 0.057783 0.199161
2 0.166863 0.254717 0.055425 0.092243