0 0.582547 0.398323 0.181604 0.356394
0 0.400943 0.396226 0.179245 0.339623
1 0.738208 0.381551 0.127358 0.335430
1 0.264151 0.306080 0.094340 0.201258
2 0.860259 0.387841 0.116745 0.377358
2 0.158608 0.267296 0.071934 0.094340
3 0.958726 0.411950 0.082547 0.308176
0 0.557783 0.596436 0.108491 0.312369
0 0.449882 0.587002 0.107311 0.297694
1 0.674528 0.628931 0.122642 0.327044
1 0.337854 0.661426 0.097877 0.178197
2 0.788915 0.636268 0.106132 0.396226
3 0.887972 0.686583 0.091981 0.220126
4 0.965802 0.666667 0.068396 0.201258