0 0.588443 0.313417 0.179245 0.352201
0 0.408019 0.316562 0.183962 0.341719
1 0.737028 0.305031 0.113208 0.314465
1 0.255896 0.305031 0.115566 0.306080
2 0.846108 0.316562 0.104953 0.366876
2 0.152712 0.348008 0.095519 0.354298
3 0.931014 0.346960 0.062500 0.297694
3 0.076651 0.380503 0.061321 0.285115
4 0.969340 0.387841 0.047170 0.253669
4 0.025354 0.409853 0.038915 0.243187
0 0.483491 0.779874 0.110849 0.291405
1 0.373821 0.799790 0.110849 0.318658
1 0.714623 0.789308 0.108491 0.306080
2 0.817807 0.791405 0.097877 0.394130
2 0.265920 0.812893 0.107311 0.374214
3 0.897995 0.769392 0.093160 0.291405
3 0.179835 0.812369 0.097877 0.310273
4 0.959906 0.779874 0.080188 0.270440
4 0.114387 0.810273 0.087264 0.238994
5 0.050708 0.809224 0.101415 0.194969
6 0.040684 0.704403 0.079009 0.102725
7 0.020047 0.649895 0.037736 0.048218