0 0.602005 0.415094 0.173349 0.335430
0 0.431604 0.425577 0.167453 0.322851
1 0.743514 0.376310 0.109670 0.320755
1 0.291274 0.410901 0.110849 0.297694
2 0.843750 0.359539 0.095519 0.358491
2 0.191038 0.444444 0.089623 0.343816
3 0.921580 0.379455 0.062500 0.280922
3 0.117335 0.476939 0.055425 0.249476
4 0.966392 0.408805 0.024764 0.226415
4 0.068986 0.495807 0.041274 0.228512
5 0.989387 0.410901 0.021226 0.230608
5 0.031250 0.486373 0.031840 0.192872
0 0.603184 0.819706 0.112028 0.280922
0 0.491745 0.827044 0.108491 0.274633
1 0.712264 0.816562 0.106132 0.291405
1 0.389151 0.844864 0.099057 0.310272
2 0.813090 0.789308 0.095519 0.345912
2 0.293042 0.841719 0.095519 0.316562
3 0.889741 0.772537 0.090802 0.278826
3 0.211085 0.850105 0.089623 0.266247
4 0.943396 0.761006 0.082547 0.226415
4 0.148585 0.850105 0.073113 0.220126
5 0.977005 0.708595 0.045990 0.121593
5 0.084316 0.842767 0.102594 0.197065
6 0.973467 0.617400 0.053066 0.069182
6 0.056604 0.758910 0.106132 0.146751
7 0.989387 0.569182 0.021226 0.044025
7 0.039505 0.700210 0.069575 0.083857