0 0.570755 0.408805 0.169811 0.331237
0 0.401533 0.404612 0.161557 0.318658
1 0.715212 0.378407 0.116745 0.299790
1 0.271816 0.382600 0.100236 0.278826
2 0.828420 0.382600 0.109670 0.333333
2 0.179245 0.407757 0.084906 0.341719
3 0.918632 0.408805 0.070755 0.272537
3 0.115566 0.436059 0.042453 0.251572
4 0.972877 0.443396 0.040094 0.228512
4 0.080189 0.450734 0.028302 0.213836
5 0.054835 0.430818 0.022406 0.165618
0 0.556014 0.780922 0.109670 0.274633
0 0.445755 0.777778 0.108491 0.272537
1 0.666274 0.786164 0.110849 0.289308
1 0.346108 0.791405 0.093160 0.299790
2 0.772995 0.778826 0.100236 0.371069
2 0.250000 0.800839 0.094340 0.352201
3 0.857311 0.776730 0.091981 0.308176
3 0.183373 0.784067 0.083726 0.268344
4 0.924528 0.761006 0.077830 0.230608
4 0.134434 0.784067 0.070755 0.218029
5 0.971698 0.726415 0.056604 0.174004
5 0.083137 0.766247 0.090802 0.178197