0 0.583137 0.467505 0.173349 0.324948
0 0.411557 0.468553 0.167453 0.327044
1 0.726415 0.430818 0.110849 0.314465
1 0.274175 0.459119 0.104953 0.291405
2 0.830189 0.414046 0.096698 0.356394
2 0.179245 0.492662 0.082547 0.333333
3 0.912736 0.435010 0.070755 0.272537
3 0.110259 0.508386 0.053066 0.259958
4 0.963443 0.455975 0.030660 0.222222
4 0.068396 0.512579 0.033019 0.230608
5 0.988797 0.443396 0.022406 0.192872
5 0.038325 0.494759 0.027123 0.178197
0 0.558962 0.641509 0.108491 0.303983
0 0.454599 0.640461 0.097877 0.301887
1 0.670401 0.656184 0.112028 0.274633
1 0.352594 0.678197 0.101415 0.276730
2 0.772995 0.650943 0.095519 0.360587
2 0.251769 0.733753 0.097877 0.270440
3 0.861439 0.683438 0.079009 0.186583
3 0.169222 0.740042 0.064858 0.169811
4 0.925708 0.662474 0.063679 0.186583
4 0.111439 0.713836 0.045991 0.146751
5 0.979363 0.644654 0.041274 0.150943
5 0.053656 0.705451 0.067217 0.146751