0 0.607311 0.415094 0.169811 0.335430
0 0.436910 0.424528 0.166274 0.333333
1 0.747052 0.381551 0.104953 0.306080
1 0.297759 0.416143 0.114387 0.299790
2 0.846698 0.373166 0.094340 0.348008
2 0.192807 0.450734 0.090802 0.339623
3 0.922759 0.386792 0.057783 0.283019
3 0.117925 0.481132 0.056604 0.266247
4 0.966981 0.409853 0.028302 0.245283
4 0.070755 0.501048 0.037736 0.213836
5 0.991156 0.406709 0.017688 0.213836
5 0.034788 0.491614 0.031840 0.190776
0 0.602594 0.834382 0.110849 0.289308
0 0.492925 0.834382 0.103774 0.285115
1 0.711085 0.821803 0.110849 0.289308
1 0.389151 0.851153 0.099057 0.297694
2 0.813090 0.802935 0.093160 0.348008
2 0.293042 0.843816 0.095519 0.308176
3 0.889151 0.776730 0.089623 0.270440
3 0.211675 0.852201 0.083726 0.270440
4 0.945755 0.771488 0.075472 0.226415
4 0.153302 0.851153 0.075472 0.218029
5 0.981132 0.725367 0.037736 0.134172
5 0.086675 0.852201 0.090802 0.194969
6 0.971698 0.626834 0.056604 0.062893
6 0.058373 0.758910 0.107311 0.134172
7 0.988797 0.576520 0.022406 0.037736
7 0.041863 0.704403 0.071934 0.092243