0 0.594340 0.405660 0.172170 0.324948
0 0.424528 0.403564 0.162736 0.324948
1 0.738208 0.388889 0.115566 0.308176
1 0.291274 0.388889 0.103774 0.287212
2 0.849057 0.386792 0.106132 0.341719
2 0.199882 0.412998 0.079009 0.331237
3 0.938679 0.420335 0.073113 0.266247
3 0.136792 0.445493 0.047170 0.241090
4 0.988208 0.450734 0.023584 0.218029
4 0.099646 0.470650 0.029481 0.190776
0 0.570165 0.583857 0.107311 0.287212
0 0.467571 0.585954 0.100236 0.287212
1 0.683962 0.616352 0.120283 0.276730
1 0.364387 0.594340 0.101415 0.278826
2 0.794222 0.598532 0.097877 0.358491
2 0.271226 0.623690 0.087264 0.249476
3 0.883844 0.656184 0.083726 0.209644
3 0.195165 0.645702 0.064858 0.142558
4 0.954009 0.642558 0.056604 0.178197
4 0.137972 0.646751 0.047170 0.153040
5 0.084906 0.641509 0.056604 0.134172
6 0.061321 0.593291 0.040094 0.054507