0 0.587854 0.318658 0.182783 0.348008
0 0.406840 0.324948 0.176887 0.331237
1 0.738208 0.302935 0.115566 0.316562
1 0.258255 0.312369 0.115566 0.280922
2 0.846108 0.317610 0.104953 0.358491
2 0.151533 0.358491 0.093160 0.339623
3 0.929245 0.348008 0.066038 0.289308
3 0.075472 0.384696 0.049528 0.278826
4 0.969340 0.389937 0.049528 0.247379
4 0.027123 0.414046 0.037736 0.232704
0 0.600825 0.776730 0.116745 0.283019
0 0.486439 0.774633 0.112028 0.274633
1 0.714033 0.779874 0.112028 0.310273
1 0.377358 0.793501 0.108491 0.316562
2 0.826061 0.741090 0.100236 0.312369
2 0.267689 0.810273 0.110849 0.371069
3 0.906840 0.755765 0.087264 0.283019
3 0.185142 0.805031 0.094340 0.310273
4 0.962264 0.772537 0.075472 0.266247
4 0.120283 0.801887 0.080189 0.232704
5 0.051887 0.800839 0.103774 0.201258
6 0.041863 0.699161 0.083726 0.111111
7 0.024175 0.642558 0.038915 0.048218