0 0.584316 0.395178 0.170991 0.354298
0 0.413325 0.406709 0.166274 0.339623
1 0.724646 0.358491 0.109670 0.331237
1 0.272995 0.394130 0.116745 0.310273
2 0.827241 0.352201 0.090802 0.360587
2 0.172170 0.439203 0.089623 0.345912
3 0.903892 0.366876 0.060142 0.289308
3 0.098467 0.457023 0.057783 0.280922
4 0.947524 0.397275 0.029481 0.228512
4 0.053066 0.475891 0.035377 0.238994
5 0.974057 0.394130 0.023585 0.213836
5 0.019458 0.473795 0.034198 0.218029
6 0.992335 0.372117 0.015330 0.140461
0 0.575472 0.798742 0.110849 0.285115
0 0.466392 0.802935 0.104953 0.276730
1 0.683962 0.796646 0.106132 0.301887
1 0.362618 0.824948 0.102594 0.308176
2 0.787146 0.784067 0.097877 0.385744
2 0.265330 0.827044 0.089623 0.333333
3 0.865566 0.765199 0.091981 0.318658
3 0.182783 0.837526 0.087264 0.308176
4 0.919222 0.746331 0.083726 0.243187
4 0.128538 0.820755 0.077830 0.224319
5 0.967571 0.722222 0.064858 0.194969
5 0.062500 0.819706 0.101415 0.180294
6 0.964623 0.594340 0.070754 0.060797
6 0.043042 0.732704 0.086084 0.148847
7 0.982311 0.553459 0.033019 0.062893
7 0.030071 0.669811 0.055425 0.073375