0 0.591392 0.315514 0.175708 0.350105
0 0.409198 0.316562 0.186321 0.331237
1 0.737028 0.302935 0.120283 0.324948
1 0.257665 0.309224 0.116745 0.291405
2 0.847288 0.314465 0.104953 0.360587
2 0.155660 0.353249 0.094340 0.345912
3 0.933373 0.340671 0.067217 0.303983
3 0.076061 0.381551 0.057783 0.276730
4 0.967571 0.390985 0.043632 0.236897
4 0.027712 0.410901 0.038915 0.226415
0 0.602005 0.769392 0.116745 0.285115
0 0.489976 0.765199 0.116745 0.285115
1 0.714033 0.778826 0.109670 0.308176
1 0.378538 0.785115 0.110849 0.316562
2 0.820165 0.725367 0.102594 0.285115
2 0.269458 0.808176 0.107311 0.383648
3 0.906250 0.744235 0.090802 0.272537
3 0.181604 0.800839 0.094340 0.310273
4 0.965802 0.765199 0.068396 0.264151
4 0.119104 0.798742 0.084906 0.234801
5 0.049528 0.803983 0.099056 0.203354
6 0.043042 0.722222 0.086084 0.144654
7 0.020637 0.635220 0.036557 0.050314