0 0.585495 0.388889 0.163915 0.320755
0 0.415094 0.387841 0.169811 0.331237
1 0.725825 0.365828 0.114387 0.299790
1 0.281250 0.370021 0.097877 0.291405
2 0.836675 0.370021 0.107311 0.341719
2 0.189858 0.399371 0.082547 0.329140
3 0.928656 0.398323 0.071934 0.264151
3 0.125000 0.431866 0.042453 0.234801
4 0.982901 0.432914 0.034198 0.232704
4 0.087854 0.440252 0.031840 0.234801
0 0.561321 0.549266 0.106132 0.301887
0 0.455189 0.550314 0.099057 0.308176
1 0.674528 0.583857 0.122642 0.278826
1 0.354363 0.585954 0.100236 0.295597
2 0.783019 0.588050 0.094340 0.371069
2 0.257665 0.619497 0.088443 0.295597
3 0.873231 0.633124 0.083726 0.251572
3 0.179835 0.609015 0.067217 0.102725
4 0.942807 0.620545 0.060142 0.176101