0 0.555425 0.419287 0.181604 0.360587
0 0.377948 0.389937 0.170991 0.293501
1 0.709316 0.405660 0.121462 0.329140
2 0.831368 0.409853 0.115566 0.362683
3 0.928656 0.429769 0.074292 0.318658
4 0.982901 0.468553 0.034198 0.257862
1 0.649764 0.627883 0.110849 0.345912
2 0.758844 0.644654 0.109670 0.408805
3 0.860259 0.702306 0.090802 0.230608
4 0.938679 0.686583 0.063679 0.207547
5 0.985849 0.660377 0.028302 0.121593
0 0.531840 0.693920 0.096698 0.188679
1 0.242335 0.314465 0.090802 0.163522
2 0.129127 0.300839 0.062500 0.123690