0 0.593750 0.317610 0.180425 0.358491
0 0.409788 0.320755 0.178066 0.339623
1 0.741745 0.309224 0.120283 0.316562
1 0.261203 0.310273 0.116745 0.293501
2 0.852594 0.317610 0.099057 0.358491
2 0.157429 0.356394 0.090802 0.352201
3 0.936910 0.344864 0.064858 0.299790
3 0.080778 0.389937 0.060142 0.272537
4 0.971698 0.399371 0.054245 0.245283
4 0.029481 0.416143 0.035377 0.228512
0 0.601415 0.789308 0.110849 0.308176
0 0.487618 0.783019 0.112028 0.299790
1 0.378538 0.794549 0.108491 0.310273
2 0.821344 0.777778 0.102594 0.364780
2 0.273585 0.810273 0.101415 0.375262
3 0.906250 0.764151 0.095519 0.274633
3 0.186321 0.817610 0.099057 0.318658
4 0.961675 0.780922 0.076650 0.257862
4 0.119104 0.810273 0.082547 0.232704
5 0.053066 0.809224 0.106132 0.192872
6 0.041863 0.705451 0.083726 0.098532
7 0.024175 0.651992 0.043632 0.054507