0 0.581958 0.382600 0.170991 0.337526
0 0.412736 0.396226 0.165094 0.335430
1 0.724057 0.349057 0.108491 0.316562
1 0.271816 0.387841 0.116745 0.301887
2 0.825472 0.340671 0.089623 0.350105
2 0.171580 0.431866 0.088443 0.339623
3 0.902123 0.353249 0.058962 0.291405
3 0.099646 0.454927 0.055425 0.255765
4 0.946344 0.384696 0.027123 0.232704
4 0.051887 0.474843 0.037736 0.215933
5 0.974646 0.379455 0.029481 0.230608
5 0.015330 0.474843 0.030660 0.186583
6 0.993514 0.360587 0.012972 0.142558
0 0.589623 0.805031 0.113208 0.293501
0 0.479953 0.807128 0.106132 0.280922
1 0.698703 0.796646 0.104953 0.293501
1 0.375590 0.823899 0.102594 0.293501
2 0.798939 0.767296 0.097877 0.343816
2 0.278302 0.827044 0.094340 0.329140
3 0.877358 0.761006 0.089623 0.285115
3 0.199882 0.834382 0.086085 0.285115
4 0.930425 0.748428 0.077830 0.238994
4 0.137972 0.831237 0.077830 0.224319
5 0.974057 0.719078 0.051886 0.167715
5 0.073703 0.838574 0.090802 0.192872
6 0.968160 0.598532 0.063679 0.073375
6 0.048939 0.752621 0.097877 0.171908
7 0.985259 0.545073 0.029481 0.037736
7 0.030660 0.676101 0.061320 0.077568