0 0.591392 0.383648 0.170991 0.329140
0 0.422170 0.388889 0.167453 0.318658
1 0.731132 0.361635 0.113208 0.310273
1 0.284788 0.364780 0.104953 0.283019
2 0.841981 0.363732 0.108491 0.335430
2 0.191038 0.377358 0.080189 0.291405
3 0.932783 0.392034 0.068396 0.257862
3 0.129127 0.417191 0.041274 0.228512
4 0.984080 0.423480 0.029481 0.220126
4 0.092571 0.438155 0.029481 0.182390
0 0.563679 0.538784 0.103774 0.316562
1 0.671580 0.564990 0.112028 0.301887
2 0.782429 0.570231 0.107311 0.387841
3 0.879127 0.638365 0.083726 0.226415
4 0.949292 0.619497 0.054245 0.192872