0 0.593160 0.322851 0.176887 0.352201
0 0.413915 0.324948 0.179245 0.348008
1 0.741745 0.306080 0.122642 0.322851
1 0.265330 0.309224 0.120283 0.308176
2 0.852005 0.322851 0.100236 0.360587
2 0.157429 0.357442 0.095519 0.354298
3 0.934552 0.348008 0.069575 0.306080
3 0.081368 0.386792 0.056604 0.278826
4 0.976415 0.399371 0.047170 0.249476
4 0.032429 0.418239 0.041274 0.241090
0 0.603184 0.789308 0.112028 0.295597
1 0.714623 0.801887 0.117925 0.308176
1 0.381486 0.814465 0.112028 0.329140
2 0.823113 0.803983 0.096698 0.392034
2 0.271816 0.815514 0.107311 0.364780
3 0.906250 0.791405 0.100236 0.324948
3 0.185731 0.829140 0.095519 0.324948
4 0.121462 0.820755 0.087264 0.257862
4 0.964033 0.788260 0.071934 0.276730
5 0.051887 0.822851 0.103774 0.203354
6 0.040684 0.698113 0.081368 0.096436
7 0.023585 0.650943 0.037736 0.039832