0 0.636489 0.863940 0.091831 0.155259
0 0.552835 0.873122 0.090573 0.170284
1 0.715741 0.823038 0.109443 0.143573
1 0.455971 0.869783 0.098121 0.176962
2 0.773607 0.734558 0.119507 0.166945
2 0.370430 0.821369 0.118249 0.193656
3 0.822039 0.604341 0.130828 0.210351
3 0.296210 0.681970 0.155988 0.222037
4 0.851601 0.442404 0.134602 0.180301
4 0.244633 0.525876 0.166051 0.207012
5 0.858520 0.267947 0.158504 0.205342
5 0.192428 0.363105 0.202532 0.245409
6 0.876132 0.082638 0.148440 0.165275
6 0.121981 0.132721 0.192469 0.238731