0 0.580778 0.439203 0.168632 0.335430
0 0.410377 0.451782 0.165094 0.327044
1 0.722877 0.416143 0.110849 0.310273
1 0.271226 0.443396 0.106132 0.293501
2 0.827241 0.396226 0.095519 0.350105
2 0.175708 0.471698 0.087264 0.333333
3 0.909198 0.417191 0.066038 0.274633
3 0.106722 0.494759 0.048349 0.262055
4 0.959316 0.439203 0.034198 0.218029
4 0.064858 0.503145 0.033019 0.224319
5 0.988208 0.419287 0.023584 0.190776
5 0.034198 0.483229 0.030660 0.192872
0 0.557193 0.611111 0.107311 0.310273
0 0.452241 0.613208 0.102594 0.322851
1 0.668632 0.641509 0.120283 0.270440
1 0.349057 0.653040 0.101415 0.289308
2 0.773585 0.633124 0.094340 0.358491
2 0.251179 0.718029 0.096698 0.289308
3 0.859670 0.674004 0.077830 0.209644
3 0.167453 0.719078 0.068396 0.169811
4 0.928066 0.648847 0.058962 0.184486
4 0.109080 0.696017 0.048349 0.136268
5 0.974057 0.622642 0.051886 0.148847
5 0.050708 0.689727 0.070755 0.140461