0 0.593750 0.389937 0.180425 0.375262
0 0.414505 0.386792 0.168632 0.343816
1 0.747642 0.377358 0.127358 0.345912
1 0.268868 0.262055 0.075472 0.098532
2 0.869104 0.387841 0.117925 0.371069
3 0.963443 0.415094 0.073113 0.303983
0 0.567807 0.571279 0.107311 0.322851
0 0.456368 0.568134 0.106132 0.320755
1 0.682193 0.603774 0.121462 0.324948
1 0.352005 0.659329 0.100236 0.188679
2 0.799528 0.623690 0.115566 0.410901
3 0.901533 0.676101 0.086085 0.209644
4 0.971108 0.661426 0.057783 0.192872
2 0.168632 0.250524 0.063679 0.083857