0 0.590802 0.400419 0.172170 0.314465
0 0.422759 0.399371 0.163915 0.320755
1 0.735259 0.383648 0.116745 0.306080
1 0.287736 0.385744 0.103774 0.285115
2 0.847288 0.383648 0.107311 0.335430
2 0.195165 0.414046 0.081368 0.320755
3 0.935731 0.411950 0.071934 0.253669
3 0.131486 0.446541 0.045991 0.247379
4 0.985849 0.448637 0.028302 0.226415
4 0.091981 0.450734 0.028302 0.205451
0 0.566038 0.570231 0.103774 0.327044
0 0.462854 0.564990 0.097877 0.316562
1 0.678656 0.591195 0.119104 0.285115
1 0.363208 0.596436 0.101415 0.295597
2 0.788325 0.596436 0.097877 0.362683
2 0.264741 0.651992 0.095519 0.289308
3 0.877358 0.653040 0.080189 0.207547
3 0.182193 0.663522 0.069575 0.178197
4 0.947524 0.632075 0.067217 0.186583
4 0.127948 0.646751 0.036557 0.161426