0 0.589623 0.380503 0.169811 0.331237
0 0.420991 0.386792 0.167453 0.310273
1 0.734080 0.363732 0.116745 0.306080
1 0.284198 0.364780 0.101415 0.291405
2 0.843750 0.370021 0.102594 0.335430
2 0.196344 0.400419 0.076651 0.341719
3 0.933962 0.401468 0.075472 0.259958
3 0.133255 0.429769 0.047170 0.253669
4 0.984670 0.423480 0.028302 0.220126
4 0.093160 0.442348 0.035377 0.207547
0 0.565448 0.551363 0.100236 0.308176
0 0.461085 0.527254 0.099057 0.264151
1 0.675118 0.569182 0.123821 0.293501
1 0.362028 0.508386 0.096698 0.264151
2 0.787736 0.578616 0.103774 0.396226
3 0.879127 0.634172 0.079009 0.213836
4 0.949292 0.622642 0.061321 0.178197
6 0.055425 0.574423 0.042453 0.069182