0 0.598467 0.320755 0.180425 0.348008
0 0.413915 0.322851 0.183962 0.335430
1 0.745283 0.306080 0.120283 0.322851
1 0.265330 0.311321 0.117925 0.295597
2 0.856722 0.313417 0.095519 0.366876
2 0.158608 0.354298 0.090802 0.348008
3 0.938679 0.342767 0.066038 0.312369
3 0.083726 0.386792 0.061321 0.274633
4 0.978184 0.385744 0.041274 0.264151
4 0.033019 0.405660 0.037736 0.253669
0 0.609670 0.774633 0.115566 0.295597
0 0.495873 0.771488 0.112028 0.276730
1 0.720519 0.777778 0.113208 0.310273
1 0.385024 0.787212 0.107311 0.320755
2 0.825472 0.713836 0.099057 0.270440
2 0.277123 0.805031 0.101415 0.389937
3 0.915684 0.736897 0.083726 0.270440
3 0.189269 0.796646 0.093160 0.314465
4 0.126769 0.796646 0.086085 0.234801
4 0.966981 0.765199 0.066038 0.264151
5 0.058373 0.797694 0.102594 0.199161
6 0.040094 0.720126 0.080188 0.153040
7 0.025943 0.641509 0.037736 0.050314