0 0.568396 0.396226 0.172170 0.337526
0 0.396226 0.399371 0.169811 0.331237
1 0.716981 0.382600 0.113208 0.314465
1 0.259434 0.376310 0.110849 0.293501
2 0.838443 0.380503 0.120283 0.352201
2 0.167453 0.403564 0.087264 0.327044
3 0.929245 0.398323 0.073113 0.308176
3 0.100825 0.421384 0.045991 0.266247
4 0.982901 0.448637 0.034198 0.220126
4 0.063679 0.448637 0.033019 0.199161
0 0.549528 0.581761 0.099057 0.301887
0 0.441038 0.575472 0.101415 0.297694
1 0.660377 0.606918 0.113208 0.285115
1 0.333137 0.587002 0.100236 0.329140
2 0.764741 0.606918 0.104953 0.385744
2 0.230542 0.648847 0.102594 0.306080
3 0.862028 0.632075 0.096698 0.268344
3 0.159788 0.634172 0.086085 0.272537
4 0.935142 0.628931 0.068396 0.224319
4 0.096698 0.632075 0.042453 0.167715
5 0.985849 0.621593 0.028302 0.129979
5 0.045991 0.619497 0.058962 0.144654
5 0.031250 0.470650 0.031840 0.067086
6 0.021816 0.589099 0.041274 0.125786