0 0.580189 0.406709 0.169811 0.350105
0 0.410377 0.410901 0.169811 0.345912
1 0.722288 0.371069 0.114387 0.320755
1 0.269458 0.411950 0.112028 0.297694
2 0.824882 0.357442 0.095519 0.364780
2 0.168632 0.444444 0.087264 0.354298
3 0.903892 0.370021 0.060142 0.293501
3 0.098467 0.463312 0.053066 0.278826
4 0.948113 0.402516 0.028302 0.245283
4 0.054245 0.493711 0.033019 0.230608
5 0.974057 0.390985 0.025943 0.218029
5 0.018278 0.489518 0.036556 0.201258
5 0.991156 0.564990 0.001179 0.000000
6 0.992925 0.387841 0.014150 0.123690
0 0.576651 0.809224 0.110849 0.283019
0 0.466981 0.815514 0.103774 0.283019
1 0.685731 0.801887 0.109670 0.297694
1 0.364976 0.833333 0.104953 0.301887
2 0.788325 0.794549 0.095519 0.375262
2 0.267099 0.836478 0.093160 0.320755
3 0.865566 0.775681 0.091981 0.299790
3 0.189269 0.834382 0.093160 0.270440
4 0.923349 0.754717 0.075472 0.241090
4 0.128538 0.834382 0.073113 0.228512
5 0.969929 0.732704 0.060142 0.180294
5 0.064269 0.837526 0.097877 0.192872
6 0.962854 0.605870 0.071934 0.064990
6 0.044222 0.746331 0.081368 0.144654
7 0.982901 0.559748 0.034198 0.035639
7 0.031840 0.677149 0.054245 0.069182