0 0.587267 0.831386 0.075884 0.186978
0 0.510118 0.821369 0.086002 0.173623
1 0.673901 0.780467 0.102443 0.191987
1 0.415895 0.812187 0.102443 0.188648
2 0.747888 0.698664 0.111297 0.181970
2 0.326099 0.740401 0.117620 0.185309
3 0.818081 0.580968 0.115091 0.183639
3 0.253377 0.611018 0.123944 0.173623
4 0.856655 0.422371 0.126473 0.163606
4 0.188243 0.468280 0.127738 0.155259
5 0.857920 0.227045 0.164415 0.223706
5 0.155992 0.277963 0.192240 0.225376
6 0.889538 0.056761 0.088531 0.113522
6 0.103506 0.081803 0.127738 0.163606