0 0.600825 0.322851 0.180425 0.350105
0 0.419222 0.329140 0.178066 0.337526
1 0.748231 0.311321 0.119104 0.327044
1 0.270047 0.313417 0.115566 0.293501
2 0.859670 0.323899 0.103774 0.364780
2 0.165094 0.355346 0.094340 0.352201
3 0.942217 0.341719 0.063679 0.295597
3 0.088443 0.386792 0.058962 0.276730
4 0.974646 0.397275 0.045991 0.234801
4 0.037146 0.417191 0.041274 0.232704
0 0.495873 0.783019 0.109670 0.285115
1 0.386203 0.813417 0.104953 0.333333
1 0.724646 0.807128 0.112028 0.320755
2 0.831368 0.795597 0.103774 0.389937
2 0.278302 0.816038 0.106132 0.367924
3 0.913325 0.772537 0.095519 0.272537
3 0.192217 0.820755 0.099057 0.310273
4 0.967571 0.788260 0.064858 0.274633
4 0.129717 0.816562 0.089623 0.234801
5 0.055425 0.820755 0.110849 0.205451
6 0.042453 0.709644 0.084906 0.104822
7 0.027123 0.651992 0.044811 0.039832