0 0.552476 0.420335 0.185142 0.362683
0 0.369693 0.411950 0.173349 0.333333
1 0.710495 0.406709 0.128538 0.318658
1 0.234080 0.364780 0.097877 0.234801
2 0.833137 0.407757 0.112028 0.362683
2 0.129717 0.313417 0.073113 0.132075
3 0.926297 0.423480 0.074292 0.314465
3 0.064269 0.346960 0.043632 0.098532
4 0.982901 0.465409 0.034198 0.234801
0 0.521226 0.638365 0.117925 0.291405
1 0.640920 0.635220 0.121462 0.339623
2 0.759434 0.646751 0.117925 0.408805
3 0.861439 0.694969 0.088443 0.220126
4 0.936910 0.678197 0.064858 0.199161
5 0.985259 0.648847 0.029481 0.132075