0 0.573113 0.442348 0.174528 0.333333
0 0.402123 0.452830 0.162736 0.329140
1 0.714623 0.412998 0.108491 0.316562
1 0.265920 0.438155 0.104953 0.299790
2 0.819575 0.392034 0.101415 0.350105
2 0.169811 0.470650 0.084906 0.331237
3 0.904481 0.409853 0.068396 0.280922
3 0.101415 0.483229 0.051887 0.268344
4 0.955189 0.433962 0.033019 0.224319
4 0.061321 0.495807 0.028302 0.230608
5 0.985849 0.421384 0.028302 0.199161
5 0.030660 0.472746 0.033019 0.184486
0 0.550118 0.616352 0.109670 0.316562
0 0.445755 0.611111 0.099057 0.310273
1 0.661557 0.644654 0.115566 0.247379
1 0.345519 0.648847 0.101415 0.285115
2 0.768868 0.629979 0.094340 0.360587
2 0.245283 0.716981 0.096698 0.274633
3 0.853184 0.666667 0.076651 0.203354
3 0.162146 0.712788 0.071934 0.157233
4 0.922170 0.641509 0.061321 0.186583
4 0.104363 0.694969 0.045991 0.159329
5 0.972288 0.623690 0.055424 0.150943
5 0.047170 0.684486 0.066038 0.146751