0 0.564858 0.402516 0.181604 0.327044
0 0.391509 0.332285 0.150943 0.182390
1 0.718750 0.399371 0.128538 0.350105
2 0.843160 0.406709 0.115566 0.377358
3 0.935731 0.419287 0.076651 0.327044
4 0.986439 0.462264 0.027122 0.262055
1 0.653892 0.632075 0.119104 0.320755
2 0.769458 0.653040 0.114387 0.412998
3 0.870873 0.694969 0.086085 0.207547
4 0.946344 0.684486 0.067217 0.199161
5 0.988797 0.653040 0.022406 0.132075
0 0.536557 0.667715 0.101415 0.203354
2 0.140330 0.275681 0.054245 0.090147
1 0.234670 0.261006 0.054245 0.056604