0 0.597288 0.324948 0.180425 0.348008
0 0.417453 0.323899 0.176887 0.333333
1 0.745873 0.309224 0.114387 0.303983
1 0.267689 0.314465 0.122642 0.293501
2 0.853184 0.320755 0.104953 0.364780
2 0.161557 0.354298 0.089623 0.356394
3 0.940448 0.346960 0.062500 0.295597
3 0.086085 0.382600 0.061321 0.283019
4 0.975236 0.395178 0.047170 0.241090
4 0.033608 0.411950 0.034198 0.236897
0 0.609080 0.777778 0.114387 0.297694
0 0.494693 0.774633 0.109670 0.287212
1 0.719929 0.777778 0.109670 0.306080
1 0.385024 0.792453 0.109670 0.310273
2 0.276533 0.806080 0.107311 0.375262
3 0.191038 0.807128 0.096698 0.306080
3 0.912146 0.762055 0.088443 0.303983
4 0.965802 0.769392 0.068396 0.264151
4 0.128538 0.803983 0.087264 0.241090
5 0.060731 0.805031 0.114387 0.209644
6 0.044222 0.709644 0.083726 0.111111
7 0.027123 0.644654 0.042453 0.044025