0 0.577241 0.392034 0.168632 0.335430
0 0.406840 0.406709 0.172170 0.322851
1 0.714623 0.360587 0.108491 0.318658
1 0.263561 0.395178 0.107311 0.295597
2 0.817217 0.343816 0.096698 0.360587
2 0.163325 0.428721 0.088443 0.345912
3 0.895047 0.360587 0.063679 0.280922
3 0.093750 0.457023 0.050708 0.276730
4 0.940448 0.386792 0.029481 0.228512
4 0.047759 0.476939 0.036557 0.228512
5 0.969340 0.378407 0.028302 0.224319
5 0.014151 0.473795 0.028302 0.201258
6 0.991745 0.363732 0.016509 0.148847
0 0.570165 0.798742 0.114387 0.297694
0 0.461675 0.800839 0.102594 0.289308
1 0.681014 0.793501 0.107311 0.299790
1 0.360259 0.822851 0.097877 0.308176
2 0.782429 0.778826 0.095519 0.362683
2 0.261203 0.824948 0.095519 0.333333
3 0.862618 0.761006 0.083726 0.297694
3 0.182193 0.828092 0.083726 0.272537
4 0.918042 0.741090 0.083726 0.236897
4 0.123231 0.827044 0.074292 0.220126
5 0.964623 0.715933 0.070754 0.186583
5 0.059552 0.821803 0.097877 0.188679
6 0.961675 0.593291 0.074292 0.054507
6 0.041863 0.735849 0.081368 0.129979
7 0.034198 0.669811 0.058962 0.073375
7 0.978184 0.544025 0.041274 0.039832