0 0.574292 0.447589 0.172170 0.335430
0 0.405071 0.458071 0.163915 0.335430
1 0.719340 0.416143 0.117925 0.318658
1 0.267689 0.442348 0.108491 0.299790
2 0.828420 0.396226 0.097877 0.350105
2 0.172170 0.471698 0.080189 0.341719
3 0.906840 0.415094 0.058962 0.283019
3 0.104363 0.490566 0.055425 0.270440
4 0.956368 0.428721 0.037736 0.226415
4 0.060142 0.497904 0.035377 0.218029
5 0.988208 0.414046 0.023584 0.192872
5 0.031840 0.481132 0.021226 0.163522
0 0.554835 0.612159 0.102594 0.320755
0 0.449882 0.609015 0.102594 0.314465
1 0.663915 0.640461 0.115566 0.264151
1 0.345519 0.653040 0.106132 0.293501
2 0.768868 0.632075 0.094340 0.364780
2 0.245873 0.720126 0.093160 0.264151
3 0.856132 0.676101 0.077830 0.213836
3 0.165094 0.727463 0.073113 0.182390
4 0.923349 0.653040 0.066038 0.192872
4 0.103774 0.698113 0.047170 0.153040
5 0.972877 0.627883 0.054245 0.167715
5 0.046580 0.683438 0.064858 0.153040