0 0.580778 0.387841 0.170991 0.345912
0 0.412146 0.397275 0.170991 0.352201
1 0.721108 0.355346 0.104953 0.318658
1 0.271226 0.388889 0.108491 0.314465
2 0.823703 0.341719 0.095519 0.358491
2 0.170401 0.433962 0.088443 0.345912
3 0.903302 0.363732 0.058962 0.280922
3 0.095519 0.452830 0.058962 0.274633
4 0.947524 0.388889 0.029481 0.234801
4 0.047759 0.470650 0.034198 0.230608
5 0.974057 0.384696 0.023585 0.213836
5 0.014151 0.469602 0.028302 0.211740
6 0.991745 0.372117 0.016509 0.146751
0 0.576061 0.796646 0.112028 0.291405
0 0.468160 0.797694 0.103774 0.289308
1 0.686321 0.797694 0.108491 0.297694
1 0.364976 0.825996 0.100236 0.308176
2 0.788915 0.781971 0.099057 0.366876
2 0.268868 0.829665 0.091981 0.340670
3 0.865566 0.769392 0.089623 0.308176
3 0.191038 0.824948 0.089623 0.268344
4 0.922170 0.749476 0.082547 0.230608
4 0.127948 0.824948 0.074292 0.222222
5 0.967571 0.720126 0.064858 0.188679
5 0.063679 0.828092 0.099057 0.194969
6 0.965802 0.592243 0.068396 0.062893
6 0.049528 0.737945 0.096698 0.144654
7 0.984080 0.541929 0.031840 0.037736
7 0.031840 0.669811 0.058962 0.075472