0 0.592571 0.393082 0.168632 0.327044
0 0.423349 0.399371 0.167453 0.314465
1 0.735259 0.375262 0.116745 0.299790
1 0.287736 0.377358 0.103774 0.287212
2 0.844929 0.380503 0.102594 0.335430
2 0.196344 0.410901 0.081368 0.329140
3 0.935142 0.399371 0.073113 0.264151
3 0.130896 0.435010 0.049528 0.243187
4 0.985849 0.427673 0.028302 0.236897
4 0.091392 0.465409 0.027123 0.186583
0 0.567807 0.566038 0.102594 0.303983
0 0.460495 0.568134 0.104953 0.299790
1 0.680425 0.581761 0.120283 0.285115
1 0.359670 0.588050 0.096698 0.306080
2 0.789505 0.592243 0.100236 0.394130
2 0.268868 0.604822 0.084906 0.238994
3 0.880896 0.637317 0.082547 0.215933
3 0.192217 0.646751 0.066038 0.150943
4 0.949292 0.627883 0.058962 0.180294
4 0.132665 0.632075 0.048349 0.150943
5 0.080189 0.633124 0.049528 0.123690
6 0.057193 0.590147 0.038915 0.067086