0 0.598467 0.416143 0.168632 0.320755
0 0.429245 0.421384 0.167453 0.322851
1 0.738208 0.373166 0.110849 0.318658
1 0.288325 0.408805 0.112028 0.289308
2 0.839623 0.360587 0.094340 0.360587
2 0.185731 0.444444 0.090802 0.352201
3 0.917453 0.377358 0.058962 0.280922
3 0.111439 0.479036 0.055425 0.253669
4 0.962264 0.407757 0.028302 0.220126
4 0.064269 0.490566 0.036557 0.218029
5 0.988208 0.398323 0.023584 0.201258
5 0.027712 0.484277 0.034198 0.201258
0 0.599646 0.818658 0.114387 0.283019
0 0.490566 0.825996 0.103774 0.280922
1 0.709316 0.816562 0.109670 0.287212
1 0.388561 0.844864 0.100236 0.297694
2 0.810731 0.795597 0.095519 0.345912
2 0.290094 0.840671 0.089623 0.318658
3 0.885024 0.776730 0.086085 0.278826
3 0.208137 0.849057 0.093160 0.276730
4 0.943986 0.769392 0.079009 0.243187
4 0.150354 0.849057 0.081368 0.230608
5 0.973467 0.707547 0.053066 0.148847
5 0.081958 0.843816 0.097877 0.207547
6 0.969929 0.609015 0.060142 0.056604
6 0.053656 0.754717 0.100236 0.155136
7 0.991156 0.557652 0.017688 0.037736
7 0.040094 0.697065 0.070755 0.077568