0 0.573703 0.394130 0.173349 0.345912
0 0.397406 0.394130 0.172170 0.333333
1 0.720519 0.380503 0.110849 0.318658
1 0.260024 0.376310 0.107311 0.293501
2 0.835495 0.376310 0.114387 0.352201
2 0.166863 0.403564 0.088443 0.331237
3 0.930425 0.400419 0.073113 0.303983
3 0.099057 0.421384 0.047170 0.274633
4 0.063679 0.448637 0.033019 0.199161
4 0.981722 0.437107 0.034198 0.247379
0 0.549528 0.575472 0.099057 0.297694
0 0.441038 0.574423 0.101415 0.287212
1 0.658608 0.607966 0.107311 0.308176
1 0.337264 0.590147 0.101415 0.318658
2 0.768868 0.611111 0.106132 0.381551
2 0.231722 0.651992 0.104953 0.308176
3 0.862028 0.622642 0.087264 0.253669
3 0.159788 0.635220 0.081368 0.283019
4 0.936910 0.636268 0.069575 0.226415
4 0.102005 0.629979 0.050708 0.171908
5 0.987618 0.611111 0.024764 0.129979
5 0.044811 0.619497 0.061321 0.140461
5 0.033019 0.472746 0.023585 0.050314
6 0.021226 0.589099 0.040094 0.121593