0 0.587264 0.403564 0.172170 0.358491
0 0.417453 0.410901 0.167453 0.348008
1 0.729363 0.367925 0.107311 0.337526
1 0.280071 0.407757 0.109670 0.308176
2 0.833137 0.362683 0.097877 0.364780
2 0.176887 0.442348 0.089623 0.373166
3 0.910377 0.371069 0.056604 0.289308
3 0.102005 0.463312 0.057783 0.289308
4 0.952830 0.395178 0.028302 0.232704
4 0.054835 0.489518 0.034198 0.232704
5 0.976415 0.398323 0.021226 0.218029
5 0.020637 0.483229 0.031840 0.207547
6 0.992925 0.385744 0.014150 0.159329
0 0.578420 0.809224 0.112028 0.306080
0 0.470519 0.813417 0.106132 0.293501
1 0.687500 0.809224 0.106132 0.318658
1 0.366745 0.830189 0.099057 0.306080
2 0.787736 0.791405 0.094340 0.383648
2 0.268868 0.830189 0.094340 0.339622
3 0.870283 0.768344 0.089623 0.303983
3 0.191038 0.841719 0.089623 0.299790
4 0.926887 0.754717 0.073113 0.243187
4 0.132665 0.827044 0.079009 0.224319
5 0.972877 0.730608 0.054245 0.194969
5 0.066038 0.827044 0.103774 0.190776
6 0.964623 0.602725 0.070754 0.064990
6 0.045401 0.744235 0.088443 0.155136
7 0.985849 0.559748 0.028302 0.067086
7 0.031250 0.674004 0.060142 0.069182