0 0.581368 0.395178 0.172170 0.345912
0 0.408608 0.405660 0.173349 0.337526
1 0.722877 0.362683 0.106132 0.322851
1 0.268278 0.400419 0.104953 0.301887
2 0.823113 0.349057 0.091981 0.362683
2 0.168632 0.435010 0.091981 0.341719
3 0.899764 0.367925 0.058962 0.291405
3 0.096698 0.463312 0.051887 0.268344
4 0.943396 0.394130 0.028302 0.243187
4 0.051297 0.476939 0.041274 0.241090
5 0.971108 0.386792 0.027123 0.224319
5 0.016509 0.473795 0.028302 0.209644
6 0.991745 0.368973 0.016509 0.159329
0 0.571344 0.794549 0.112028 0.289308
0 0.461675 0.795597 0.102594 0.291405
1 0.680425 0.791405 0.106132 0.291405
1 0.360849 0.818658 0.099057 0.303983
2 0.783608 0.775681 0.095519 0.368973
2 0.262972 0.829140 0.096698 0.341719
3 0.862028 0.757862 0.091981 0.308176
3 0.182783 0.822851 0.087264 0.278826
4 0.917453 0.742138 0.080189 0.247379
4 0.123821 0.820755 0.075472 0.224319
5 0.964623 0.715933 0.070754 0.186583
5 0.056604 0.821803 0.094340 0.184486
6 0.963443 0.593291 0.070755 0.062893
6 0.042453 0.725367 0.084906 0.134172
7 0.982901 0.551363 0.031840 0.054507
7 0.027123 0.663522 0.047170 0.064990