0 0.592571 0.316562 0.182783 0.356394
0 0.410377 0.318658 0.179245 0.331237
1 0.742925 0.302935 0.117925 0.324948
1 0.262382 0.306080 0.112028 0.301887
2 0.852005 0.311321 0.102594 0.366876
2 0.156250 0.356394 0.095519 0.364780
3 0.935142 0.343816 0.068396 0.301887
3 0.076651 0.380503 0.056604 0.283019
4 0.969929 0.389937 0.055425 0.251572
4 0.028302 0.410901 0.037736 0.247379
0 0.604363 0.785115 0.114387 0.303983
0 0.490566 0.780922 0.113208 0.295597
1 0.375590 0.800839 0.107311 0.318658
2 0.269458 0.811321 0.104953 0.368973
2 0.823703 0.792453 0.100236 0.389937
3 0.906840 0.769392 0.096698 0.310273
3 0.185142 0.815514 0.099057 0.314465
4 0.962264 0.779874 0.075472 0.276730
4 0.119104 0.806080 0.084906 0.245283
5 0.055425 0.805031 0.106132 0.197065
6 0.045991 0.714885 0.091981 0.121593
7 0.023585 0.646751 0.040094 0.048218