0 0.596698 0.402516 0.169811 0.337526
0 0.427476 0.392034 0.170991 0.329140
1 0.742335 0.377358 0.119104 0.312369
1 0.291274 0.381551 0.101415 0.283019
2 0.849646 0.381551 0.097877 0.333333
2 0.200472 0.421384 0.075472 0.312369
3 0.937500 0.419287 0.077830 0.262055
3 0.137382 0.436059 0.045991 0.249476
4 0.988208 0.449686 0.023584 0.226415
4 0.099057 0.468553 0.030660 0.192872
0 0.577241 0.582809 0.102594 0.270440
0 0.469929 0.581761 0.107311 0.268344
1 0.685142 0.601677 0.113208 0.270440
1 0.369104 0.599581 0.094340 0.262055
2 0.795991 0.592243 0.101415 0.364780
2 0.276533 0.631027 0.088443 0.274633
3 0.886203 0.637317 0.083726 0.232704
3 0.196934 0.651992 0.073113 0.157233
4 0.957547 0.643606 0.056604 0.186583
4 0.136203 0.638365 0.043632 0.163522
5 0.083137 0.635220 0.060142 0.140461
6 0.061321 0.593291 0.047170 0.073375