0 0.594340 0.328092 0.179245 0.345912
0 0.413325 0.327044 0.182783 0.335430
1 0.742925 0.314465 0.117925 0.322851
1 0.262972 0.317610 0.120283 0.295597
2 0.853774 0.320755 0.101415 0.364780
2 0.155660 0.361635 0.094340 0.354298
3 0.936910 0.348008 0.067217 0.297694
3 0.079599 0.392034 0.055425 0.272537
4 0.970519 0.400419 0.058962 0.247379
4 0.031250 0.419287 0.041274 0.243187
0 0.603774 0.777778 0.115566 0.255765
0 0.489387 0.799790 0.110849 0.299790
1 0.716981 0.808176 0.113208 0.320755
1 0.380307 0.818658 0.107311 0.333333
2 0.824292 0.803983 0.101415 0.392034
2 0.271226 0.817610 0.108491 0.364780
3 0.905071 0.787212 0.095519 0.320755
3 0.183962 0.829140 0.094340 0.316562
4 0.962264 0.790356 0.075472 0.276730
4 0.119693 0.823899 0.086085 0.247379
5 0.053656 0.820755 0.107311 0.207547
6 0.044811 0.716981 0.089622 0.100629
7 0.022995 0.660377 0.045990 0.050314