0 0.575472 0.438155 0.172170 0.337526
0 0.406840 0.445493 0.167453 0.335430
1 0.715212 0.405660 0.109670 0.318658
1 0.268868 0.432914 0.106132 0.293501
2 0.821344 0.390985 0.102594 0.348008
2 0.173349 0.464361 0.082547 0.335430
3 0.906840 0.406709 0.063679 0.270440
3 0.104953 0.484277 0.054245 0.262055
4 0.956958 0.429769 0.029481 0.211740
4 0.062500 0.500000 0.033019 0.213836
5 0.986439 0.416143 0.027122 0.197065
5 0.031250 0.472746 0.027123 0.180294
0 0.551887 0.620545 0.103774 0.303983
0 0.448703 0.616352 0.102594 0.291405
1 0.660377 0.635220 0.113208 0.257862
1 0.344340 0.644654 0.106132 0.272537
2 0.766509 0.619497 0.094340 0.360587
2 0.244693 0.707547 0.093160 0.268344
3 0.854363 0.667715 0.079009 0.205451
3 0.164505 0.709644 0.069575 0.159329
4 0.915094 0.637317 0.075472 0.194969
4 0.104953 0.696017 0.049528 0.157233
5 0.972877 0.618449 0.054245 0.157233
5 0.045991 0.678197 0.063679 0.142558