0 0.579599 0.398323 0.168632 0.343816
0 0.409198 0.404612 0.167453 0.339623
1 0.721108 0.359539 0.112028 0.329140
1 0.267099 0.403564 0.114387 0.303983
2 0.823113 0.348008 0.094340 0.368973
2 0.166274 0.430818 0.084906 0.350105
3 0.900943 0.364780 0.058962 0.285115
3 0.095519 0.457023 0.058962 0.289308
4 0.943986 0.392034 0.029481 0.251572
4 0.047170 0.480084 0.037736 0.234801
5 0.970519 0.392034 0.025943 0.213836
5 0.015330 0.469602 0.030660 0.218029
6 0.991745 0.380503 0.016509 0.161426
0 0.573113 0.795597 0.110849 0.291405
0 0.465212 0.796646 0.104953 0.293501
1 0.680425 0.794549 0.106132 0.297694
1 0.360259 0.815514 0.102594 0.301887
2 0.781840 0.773585 0.096698 0.373166
2 0.264151 0.827044 0.091981 0.345912
3 0.860259 0.758910 0.093160 0.301887
3 0.179835 0.825996 0.076651 0.280922
4 0.916863 0.748428 0.086085 0.247379
4 0.124410 0.823899 0.074292 0.230608
5 0.966392 0.720126 0.067216 0.190776
5 0.057783 0.813417 0.091981 0.192872
6 0.962264 0.594340 0.075472 0.060797
6 0.041863 0.736897 0.076651 0.161426
7 0.981132 0.556604 0.037736 0.069182
7 0.027123 0.662474 0.044811 0.071279
7 0.349057 0.636268 0.000000 0.002096