0 0.582547 0.394130 0.183962 0.360587
0 0.400354 0.394130 0.180425 0.335430
1 0.739976 0.381551 0.128538 0.335430
1 0.260613 0.298742 0.089623 0.165618
2 0.860849 0.387841 0.108491 0.373166
2 0.156840 0.267296 0.070755 0.090147
3 0.959316 0.408805 0.081368 0.322851
0 0.556604 0.601677 0.113208 0.310273
0 0.441038 0.599581 0.108491 0.301887
1 0.675708 0.627883 0.117925 0.312369
1 0.334906 0.663522 0.103774 0.194969
2 0.791274 0.613208 0.110849 0.408805
3 0.889741 0.679245 0.088443 0.209644
4 0.966981 0.676101 0.066038 0.215933