0 0.588443 0.320755 0.176887 0.356394
0 0.408608 0.325996 0.175708 0.329140
1 0.737618 0.307128 0.114387 0.324948
1 0.257665 0.311321 0.116745 0.295597
2 0.845519 0.317610 0.103774 0.362683
2 0.151533 0.354298 0.095519 0.356394
3 0.930425 0.339623 0.063679 0.301887
3 0.074292 0.381551 0.058962 0.285115
4 0.967571 0.394130 0.055425 0.243187
4 0.027123 0.408805 0.044811 0.243187
0 0.597877 0.770440 0.117925 0.278826
0 0.485259 0.773585 0.112028 0.285115
1 0.712854 0.776730 0.114387 0.316562
1 0.374410 0.791405 0.109670 0.312369
2 0.817217 0.757862 0.091981 0.350105
2 0.265920 0.808176 0.104953 0.383648
3 0.903302 0.747379 0.089623 0.278826
3 0.178656 0.808176 0.093160 0.324948
4 0.962854 0.764151 0.074292 0.262055
4 0.117335 0.795597 0.086085 0.232704
5 0.050708 0.802935 0.101415 0.201258
6 0.040684 0.714885 0.081368 0.134172
7 0.021816 0.638365 0.038915 0.048218