0 0.597877 0.317610 0.179245 0.348008
0 0.419222 0.316562 0.178066 0.350105
1 0.746462 0.310273 0.125000 0.316562
1 0.270637 0.313417 0.119104 0.301887
2 0.857901 0.319706 0.095519 0.360587
2 0.165094 0.356394 0.094340 0.345912
3 0.939858 0.346960 0.063679 0.301887
3 0.087264 0.384696 0.061321 0.276730
4 0.975825 0.397275 0.045991 0.243187
4 0.034198 0.408805 0.042453 0.245283
0 0.494693 0.773585 0.109670 0.287212
1 0.384434 0.801887 0.108491 0.310273
1 0.722877 0.793501 0.115566 0.331237
2 0.830189 0.793501 0.101415 0.381551
2 0.275354 0.812893 0.102594 0.374214
3 0.909788 0.773585 0.095519 0.303983
3 0.190448 0.815514 0.100236 0.316562
4 0.964623 0.778826 0.070754 0.276730
4 0.125000 0.809224 0.080189 0.236897
5 0.054835 0.813417 0.109670 0.207547
6 0.043632 0.703354 0.084906 0.104822
7 0.024175 0.648847 0.045991 0.050314