0 0.570755 0.447589 0.169811 0.335430
0 0.401533 0.449686 0.166274 0.331237
1 0.716392 0.411950 0.116745 0.314465
1 0.265330 0.441300 0.106132 0.297694
2 0.824292 0.388889 0.096698 0.352201
2 0.170401 0.467505 0.083726 0.329140
3 0.906250 0.417191 0.067217 0.287212
3 0.102594 0.491614 0.051887 0.268344
4 0.955189 0.438155 0.033019 0.236897
4 0.058962 0.493711 0.033019 0.226415
5 0.985849 0.425577 0.028302 0.211740
5 0.027712 0.466457 0.022406 0.159329
0 0.551887 0.618449 0.103774 0.308176
0 0.447524 0.617400 0.104953 0.297694
1 0.662736 0.648847 0.117925 0.247379
1 0.343750 0.653040 0.100236 0.285115
2 0.768868 0.633124 0.094340 0.350105
2 0.246462 0.714885 0.096698 0.274633
3 0.855542 0.674004 0.081368 0.222222
3 0.162736 0.718029 0.073113 0.171908
4 0.919811 0.648847 0.058962 0.180294
4 0.103184 0.701258 0.045991 0.155136
5 0.971698 0.629979 0.056604 0.142558
5 0.047170 0.678197 0.066038 0.142558