0 0.598467 0.407757 0.166274 0.318658
0 0.431014 0.406709 0.163915 0.312369
1 0.741745 0.382600 0.122642 0.297694
1 0.295991 0.387841 0.103774 0.283019
2 0.852005 0.381551 0.100236 0.337526
2 0.202241 0.422432 0.083726 0.331237
3 0.939858 0.419287 0.075472 0.249476
3 0.136203 0.444444 0.045991 0.241090
4 0.988208 0.447589 0.023584 0.234801
4 0.100236 0.468553 0.030660 0.192872
0 0.576651 0.573375 0.106132 0.259958
0 0.472877 0.561845 0.099057 0.241090
1 0.686321 0.605870 0.117925 0.249476
1 0.370283 0.568134 0.099057 0.232704
2 0.795991 0.596436 0.101415 0.373166
2 0.283608 0.599581 0.074292 0.199161
3 0.884434 0.644654 0.080189 0.209644
3 0.202830 0.653040 0.087264 0.138365
4 0.954009 0.636268 0.061321 0.188679
4 0.137382 0.634172 0.048349 0.138365
5 0.083726 0.629979 0.056604 0.129979
6 0.062500 0.589099 0.049528 0.069182