0 0.596698 0.324948 0.179245 0.339623
0 0.413915 0.328092 0.181604 0.324948
1 0.747052 0.305031 0.116745 0.320755
1 0.266509 0.316562 0.115566 0.289308
2 0.858491 0.314465 0.103774 0.364780
2 0.160377 0.354298 0.087264 0.331237
3 0.940448 0.343816 0.062500 0.310273
3 0.088443 0.387841 0.058962 0.268344
4 0.976415 0.399371 0.047170 0.236897
4 0.034788 0.409853 0.041274 0.241090
0 0.607311 0.768344 0.110849 0.278826
0 0.493514 0.770440 0.112028 0.287212
1 0.719340 0.778826 0.108491 0.303983
1 0.383255 0.793501 0.113208 0.312369
2 0.274764 0.812369 0.101415 0.375262
3 0.187500 0.807128 0.091981 0.306080
3 0.913915 0.757862 0.091981 0.270440
4 0.966392 0.771488 0.067216 0.259958
4 0.124410 0.805031 0.081368 0.243187
5 0.058373 0.802935 0.109670 0.197065
6 0.040094 0.710692 0.080188 0.125786
7 0.024764 0.641509 0.040094 0.050314