0 0.580778 0.395178 0.168632 0.320755
0 0.407429 0.388889 0.166274 0.312369
1 0.722288 0.365828 0.116745 0.299790
1 0.273585 0.373166 0.099057 0.272537
2 0.835495 0.365828 0.104953 0.341719
2 0.181014 0.401468 0.076651 0.312369
3 0.922170 0.397275 0.068396 0.266247
3 0.120283 0.429769 0.047170 0.238994
4 0.974646 0.426625 0.041274 0.215933
4 0.082547 0.438155 0.025943 0.222222
5 0.060731 0.411950 0.017689 0.169811
0 0.561321 0.750524 0.110849 0.285115
0 0.451651 0.748428 0.106132 0.268344
1 0.670991 0.763103 0.110849 0.293501
1 0.351415 0.765199 0.094340 0.293501
2 0.778302 0.753669 0.103774 0.375262
2 0.257665 0.766247 0.088443 0.350105
3 0.863208 0.754717 0.094340 0.306080
3 0.188090 0.750524 0.079009 0.259958
4 0.929245 0.736897 0.084906 0.232704
4 0.137382 0.748428 0.071934 0.209644
5 0.973467 0.699161 0.053066 0.165618
5 0.080778 0.750524 0.069575 0.167715