0 0.576061 0.401468 0.173349 0.329140
0 0.407429 0.406709 0.166274 0.318658
1 0.721108 0.377358 0.116745 0.310273
1 0.274175 0.385744 0.100236 0.293501
2 0.833137 0.384696 0.107311 0.337526
2 0.181604 0.417191 0.082547 0.331237
3 0.921580 0.414046 0.071934 0.266247
3 0.117925 0.437107 0.044811 0.257862
4 0.979363 0.439203 0.041274 0.232704
4 0.081958 0.451782 0.024764 0.207547
5 0.058962 0.439203 0.021226 0.169811
0 0.557783 0.785115 0.113208 0.266247
0 0.451651 0.777778 0.103774 0.264151
1 0.669222 0.787212 0.112028 0.295597
1 0.350236 0.791405 0.101415 0.299790
2 0.775943 0.788260 0.101415 0.373166
2 0.251769 0.800839 0.095519 0.352201
3 0.860259 0.776730 0.093160 0.303983
3 0.183962 0.777778 0.084906 0.255765
4 0.928066 0.759958 0.082547 0.224319
4 0.139151 0.777778 0.070755 0.213836
5 0.973467 0.724319 0.050708 0.165618
5 0.080778 0.770440 0.086085 0.174004