0 0.583726 0.386792 0.169811 0.324948
0 0.413915 0.388889 0.169811 0.324948
1 0.729953 0.368973 0.117925 0.310273
1 0.277712 0.366876 0.102594 0.297694
2 0.840212 0.375262 0.104953 0.339623
2 0.185731 0.399371 0.081368 0.345912
3 0.927476 0.400419 0.069575 0.268344
3 0.123231 0.433962 0.043632 0.238994
4 0.981132 0.427673 0.037736 0.226415
4 0.083726 0.458071 0.033019 0.199161
0 0.559552 0.570231 0.104953 0.285115
0 0.454009 0.566038 0.106132 0.285115
1 0.671580 0.580713 0.116745 0.272537
1 0.353184 0.581761 0.095519 0.295597
2 0.783019 0.589099 0.103774 0.368973
2 0.257665 0.631027 0.095519 0.289308
3 0.875000 0.636268 0.080189 0.203354
3 0.177476 0.613208 0.062500 0.081761
4 0.945165 0.624738 0.062500 0.180294