0 0.576651 0.390985 0.172170 0.333333
0 0.406840 0.382600 0.162736 0.324948
1 0.718750 0.366876 0.116745 0.301887
1 0.274175 0.368973 0.100236 0.285115
2 0.832547 0.367925 0.108491 0.337526
2 0.181604 0.397275 0.082547 0.333333
3 0.922170 0.393082 0.070755 0.262055
3 0.119104 0.430818 0.040094 0.245283
4 0.976415 0.428721 0.037736 0.215933
4 0.081958 0.440252 0.029481 0.218029
5 0.057193 0.403564 0.017689 0.132075
0 0.557783 0.752621 0.115566 0.280922
0 0.448113 0.751572 0.101415 0.283019
1 0.668632 0.754717 0.106132 0.297694
1 0.349646 0.759958 0.095519 0.299790
2 0.774175 0.753669 0.107311 0.371069
2 0.253538 0.761006 0.091981 0.360587
3 0.862618 0.745283 0.090802 0.299790
3 0.186321 0.747379 0.082547 0.262055
4 0.929245 0.733753 0.082547 0.234801
4 0.135024 0.751572 0.074292 0.220126
5 0.974057 0.698113 0.051886 0.138365
5 0.088443 0.735849 0.089623 0.171908