0 0.573113 0.393082 0.174528 0.343816
0 0.396226 0.397275 0.167453 0.318658
1 0.720519 0.377358 0.120283 0.324948
1 0.260024 0.375262 0.104953 0.291405
2 0.837264 0.381551 0.110849 0.354298
2 0.167453 0.396226 0.089623 0.333333
3 0.928656 0.400419 0.076651 0.308176
3 0.099057 0.419287 0.044811 0.262055
4 0.982311 0.442348 0.035377 0.241090
4 0.062500 0.441300 0.028302 0.209644
5 0.035967 0.482180 0.022406 0.069182
0 0.547170 0.578616 0.096698 0.312369
0 0.441038 0.569182 0.101415 0.301887
1 0.659198 0.606918 0.113208 0.293501
1 0.333137 0.598532 0.097877 0.306080
2 0.769458 0.610063 0.104953 0.383648
2 0.230542 0.645702 0.102594 0.324948
3 0.864387 0.634172 0.089623 0.264151
3 0.153302 0.659329 0.070755 0.213836
4 0.938679 0.634172 0.066038 0.188679
4 0.096108 0.634172 0.041274 0.163522
5 0.041863 0.615828 0.062500 0.141509
5 0.985259 0.623690 0.029481 0.117400
6 0.019458 0.597484 0.036557 0.121593