0 0.589033 0.384696 0.170991 0.329140
0 0.419222 0.386792 0.163915 0.312369
1 0.733491 0.361635 0.117925 0.316562
1 0.287146 0.364780 0.102594 0.285115
2 0.844929 0.364780 0.100236 0.335430
2 0.198703 0.404612 0.074292 0.327044
3 0.931014 0.387841 0.071934 0.264151
3 0.134434 0.420335 0.051887 0.257862
4 0.983491 0.425577 0.033018 0.230608
4 0.092571 0.438155 0.027123 0.205451
5 0.067807 0.408805 0.022406 0.159329
0 0.573113 0.740042 0.108491 0.280922
0 0.465212 0.740042 0.100236 0.285115
1 0.681604 0.746331 0.108491 0.293501
1 0.365566 0.751572 0.099057 0.303983
2 0.787736 0.743187 0.103774 0.371069
2 0.268278 0.761006 0.095519 0.364780
3 0.872642 0.736897 0.094340 0.303983
3 0.198113 0.749476 0.084906 0.274633
4 0.941038 0.724319 0.082547 0.232704
4 0.150354 0.744235 0.064858 0.218029
5 0.983491 0.679245 0.033018 0.134172
5 0.094929 0.733753 0.079009 0.159329