0 0.595519 0.385744 0.179245 0.375262
0 0.415094 0.383648 0.176887 0.337526
1 0.746462 0.375262 0.125000 0.333333
1 0.271226 0.261006 0.075472 0.109015
2 0.869104 0.383648 0.117925 0.387841
3 0.964623 0.406709 0.070754 0.312369
0 0.569575 0.569182 0.110849 0.318658
0 0.452830 0.563941 0.103774 0.329140
1 0.686321 0.605870 0.117925 0.350105
1 0.348467 0.650943 0.104953 0.197065
2 0.797170 0.617400 0.108491 0.419287
3 0.899175 0.686583 0.093160 0.218029
4 0.972288 0.674004 0.055424 0.218029
2 0.168042 0.245283 0.057783 0.085954