0 0.589623 0.393082 0.181604 0.368973
0 0.409198 0.388889 0.176887 0.352201
1 0.748231 0.379455 0.130896 0.333333
1 0.268278 0.266247 0.069575 0.094340
2 0.871462 0.393082 0.115566 0.373166
3 0.964623 0.411950 0.070754 0.322851
2 0.165094 0.257862 0.061321 0.081761
0 0.566038 0.598532 0.106132 0.318658
0 0.455189 0.591195 0.106132 0.316562
1 0.681604 0.607966 0.127358 0.333333
1 0.348467 0.658281 0.100236 0.190776
2 0.799528 0.621593 0.108491 0.402516
3 0.899175 0.680294 0.088443 0.197065
4 0.971698 0.680294 0.056604 0.205451