0 0.545991 0.137929 0.141509 0.170583
0 0.404481 0.137093 0.139151 0.172256
1 0.654481 0.161342 0.091981 0.157204
1 0.298349 0.181411 0.094340 0.143825
2 0.689269 0.311021 0.119104 0.165566
2 0.242335 0.282590 0.119104 0.158877
3 0.755307 0.443139 0.140330 0.148842
3 0.212264 0.436449 0.132075 0.158877
4 0.798939 0.571913 0.140330 0.142153
4 0.172170 0.555189 0.129717 0.142153
5 0.841981 0.745004 0.183962 0.257547
5 0.145637 0.717410 0.168632 0.235806
6 0.879127 0.908898 0.154481 0.180617
6 0.121462 0.896355 0.158019 0.205703