0 0.581958 0.463312 0.170991 0.329140
0 0.411557 0.471698 0.167453 0.337526
1 0.727005 0.431866 0.112028 0.316562
1 0.275354 0.454927 0.102594 0.295597
2 0.830189 0.411950 0.099057 0.348008
2 0.181014 0.486373 0.083726 0.333333
3 0.914505 0.427673 0.064858 0.270440
3 0.113208 0.502096 0.054245 0.264151
4 0.963443 0.454927 0.035377 0.215933
4 0.071344 0.511530 0.029481 0.215933
5 0.989976 0.442348 0.020047 0.190776
5 0.040684 0.501048 0.031840 0.194969
0 0.559552 0.625786 0.109670 0.314465
0 0.455778 0.623690 0.100236 0.301887
1 0.669811 0.656184 0.113208 0.270440
1 0.350236 0.674004 0.106132 0.285115
2 0.772995 0.644654 0.093160 0.360587
2 0.252358 0.735849 0.089623 0.262055
3 0.859670 0.681342 0.082547 0.194969
3 0.172170 0.729560 0.070755 0.157233
4 0.925118 0.660377 0.067217 0.190776
4 0.110849 0.715933 0.051887 0.150943
5 0.978774 0.638365 0.042452 0.146751
5 0.052476 0.700210 0.062500 0.157233