0 0.586085 0.393082 0.172170 0.308176
0 0.417453 0.394130 0.162736 0.306080
1 0.730542 0.365828 0.114387 0.299790
1 0.283608 0.368973 0.102594 0.293501
2 0.844340 0.364780 0.110849 0.335430
2 0.191627 0.400419 0.081368 0.322851
3 0.933962 0.400419 0.066038 0.259958
3 0.126769 0.424528 0.050708 0.249476
4 0.983491 0.433962 0.033018 0.230608
4 0.084316 0.436059 0.027123 0.243187
0 0.563679 0.560797 0.108491 0.291405
0 0.459316 0.558700 0.097877 0.287212
1 0.676887 0.585954 0.115566 0.278826
1 0.358491 0.592243 0.103774 0.270440
2 0.781250 0.575472 0.097877 0.387841
2 0.259434 0.645702 0.094340 0.310273
3 0.873821 0.637317 0.082547 0.222222
3 0.181604 0.636268 0.061321 0.153040
4 0.946344 0.624738 0.060142 0.188679
4 0.126769 0.625786 0.048349 0.148847
5 0.079599 0.669811 0.048349 0.077568
6 0.070165 0.594340 0.055425 0.069182