0 0.577830 0.396226 0.174528 0.324948
0 0.406840 0.403564 0.167453 0.331237
1 0.718750 0.357442 0.109670 0.314465
1 0.266509 0.399371 0.113208 0.293501
2 0.820165 0.343816 0.090802 0.362683
2 0.166274 0.429769 0.089623 0.350105
3 0.897995 0.354298 0.062500 0.287212
3 0.094340 0.480084 0.054245 0.215933
4 0.941627 0.392034 0.024764 0.224319
4 0.047170 0.480084 0.037736 0.215933
5 0.968750 0.384696 0.029481 0.209644
5 0.013561 0.475891 0.027122 0.190776
6 0.991745 0.371069 0.016509 0.157233
0 0.587854 0.805031 0.107311 0.274633
0 0.478184 0.810273 0.109670 0.280922
1 0.694575 0.798742 0.106132 0.283019
1 0.374410 0.831237 0.097877 0.293501
2 0.797170 0.776730 0.103774 0.339623
2 0.277123 0.831237 0.099057 0.318658
3 0.875000 0.767296 0.089623 0.287212
3 0.195755 0.841719 0.087264 0.285115
4 0.928656 0.744235 0.076651 0.224319
4 0.136203 0.843816 0.074292 0.234801
5 0.969340 0.724319 0.061320 0.184486
5 0.068986 0.837526 0.097877 0.205451
6 0.968160 0.601677 0.063679 0.060797
6 0.050708 0.747379 0.101415 0.150943
7 0.981132 0.550314 0.037736 0.037736
7 0.030660 0.676101 0.061320 0.071279