0 0.593160 0.318658 0.176887 0.350105
0 0.411557 0.319706 0.179245 0.343816
1 0.741745 0.310273 0.120283 0.312369
1 0.262382 0.309224 0.116745 0.297694
2 0.850236 0.315514 0.101415 0.356394
2 0.156840 0.356394 0.096698 0.350105
3 0.933373 0.346960 0.069575 0.306080
3 0.078420 0.384696 0.060142 0.276730
4 0.972288 0.395178 0.053066 0.243187
4 0.029481 0.411950 0.040094 0.238994
0 0.489976 0.787212 0.112028 0.306080
0 0.601415 0.764151 0.117925 0.264151
1 0.715802 0.791405 0.110849 0.318658
1 0.376179 0.805031 0.108491 0.324948
2 0.822524 0.790356 0.100236 0.383648
2 0.271226 0.814990 0.103774 0.370020
3 0.906840 0.787212 0.096698 0.331237
3 0.186910 0.821803 0.097877 0.324948
4 0.962854 0.787212 0.074292 0.276730
4 0.120873 0.814465 0.086085 0.247379
5 0.053656 0.811321 0.107311 0.207547
6 0.040094 0.699161 0.080188 0.100629
7 0.025354 0.653040 0.045991 0.058700