0 0.577830 0.387841 0.174528 0.352201
0 0.406840 0.402516 0.165094 0.339623
1 0.719340 0.359539 0.108491 0.320755
1 0.267099 0.394130 0.119104 0.310273
2 0.820755 0.350105 0.094340 0.356394
2 0.163325 0.429769 0.088443 0.339623
3 0.897995 0.356394 0.055425 0.301887
3 0.094340 0.461216 0.051887 0.264151
4 0.941038 0.381551 0.033019 0.234801
4 0.052476 0.472746 0.038915 0.241090
5 0.969340 0.385744 0.023585 0.218029
5 0.017689 0.469602 0.030660 0.226415
6 0.990566 0.372117 0.018868 0.148847
0 0.569575 0.791405 0.106132 0.287212
0 0.462264 0.793501 0.103774 0.287212
1 0.677476 0.783019 0.107311 0.303983
1 0.360259 0.811321 0.100236 0.314465
2 0.781250 0.771488 0.100236 0.377358
2 0.261203 0.819706 0.097877 0.348008
3 0.860849 0.759958 0.089623 0.316562
3 0.179245 0.822851 0.084906 0.299790
4 0.916274 0.735849 0.077830 0.238994
4 0.121462 0.810273 0.073113 0.224319
5 0.967571 0.708595 0.064858 0.188679
5 0.059552 0.806080 0.097877 0.190776
6 0.962854 0.587002 0.074292 0.054507
6 0.039505 0.719078 0.079009 0.146751
7 0.979953 0.546122 0.040094 0.064990
7 0.021226 0.653040 0.042452 0.060797