0 0.572524 0.437107 0.170991 0.339623
0 0.402712 0.444444 0.166274 0.341719
1 0.716981 0.404612 0.113208 0.320755
1 0.265920 0.437107 0.102594 0.289308
2 0.821934 0.384696 0.094340 0.352201
2 0.170401 0.470650 0.088443 0.339623
3 0.904481 0.405660 0.068396 0.293501
3 0.101415 0.486373 0.051887 0.266247
4 0.955189 0.429769 0.033019 0.224319
4 0.058962 0.494759 0.033019 0.224319
5 0.985849 0.414046 0.028302 0.197065
5 0.028892 0.470650 0.029481 0.188679
0 0.547759 0.610063 0.107311 0.308176
0 0.444575 0.606918 0.096698 0.297694
1 0.658608 0.639413 0.116745 0.257862
1 0.343750 0.643606 0.104953 0.295597
2 0.765920 0.624738 0.097877 0.366876
2 0.244104 0.701258 0.096698 0.289308
3 0.854953 0.664570 0.077830 0.211740
3 0.160377 0.714885 0.073113 0.161426
4 0.919811 0.645702 0.066038 0.190776
4 0.100236 0.692872 0.044811 0.146751
5 0.971698 0.620545 0.056604 0.148847
5 0.043632 0.679245 0.066038 0.144654