0 0.585495 0.411950 0.168632 0.352201
0 0.415094 0.420335 0.169811 0.339623
1 0.725825 0.371069 0.112028 0.333333
1 0.275354 0.411950 0.109670 0.310273
2 0.829599 0.363732 0.095519 0.364780
2 0.173939 0.449686 0.086085 0.352201
3 0.906250 0.380503 0.057783 0.289308
3 0.103184 0.477987 0.055425 0.266247
4 0.949292 0.406709 0.028302 0.236897
4 0.055425 0.494759 0.037736 0.228512
5 0.975236 0.402516 0.025943 0.224319
5 0.018868 0.486373 0.037736 0.207547
6 0.994104 0.380503 0.011792 0.146751
0 0.578420 0.809224 0.109670 0.287212
0 0.469929 0.812369 0.109670 0.289308
1 0.686910 0.815514 0.109670 0.299790
1 0.365566 0.838574 0.099057 0.308176
2 0.790684 0.796646 0.100236 0.379455
2 0.268868 0.836478 0.094340 0.316562
3 0.866745 0.778826 0.091981 0.310273
3 0.186321 0.844864 0.089623 0.278826
4 0.922170 0.756813 0.082547 0.228512
4 0.129717 0.844864 0.080189 0.228512
5 0.969340 0.737945 0.061320 0.190776
5 0.064269 0.838574 0.095519 0.190776
6 0.964623 0.612159 0.070754 0.060797
6 0.044222 0.748428 0.088443 0.148847
7 0.983491 0.563941 0.033018 0.039832
7 0.028892 0.687631 0.055425 0.069182