0 0.588443 0.389937 0.172170 0.318658
0 0.416274 0.389937 0.169811 0.318658
1 0.731722 0.364780 0.116745 0.306080
1 0.281840 0.374214 0.096698 0.283019
2 0.844929 0.366876 0.107311 0.348008
2 0.192807 0.403564 0.079009 0.324948
3 0.932193 0.394130 0.071934 0.255765
3 0.129127 0.421384 0.043632 0.243187
4 0.983491 0.428721 0.033018 0.228512
4 0.093160 0.442348 0.025943 0.205451
5 0.066627 0.424528 0.022406 0.169811
0 0.571934 0.722222 0.108491 0.291405
0 0.465212 0.720126 0.100236 0.291405
1 0.683373 0.728512 0.109670 0.291405
1 0.365566 0.733753 0.099057 0.306080
2 0.790684 0.730608 0.100236 0.375262
2 0.268278 0.735849 0.093160 0.348008
3 0.877358 0.722222 0.091981 0.308176
3 0.199292 0.726415 0.077830 0.257862
4 0.940448 0.712788 0.081368 0.234801
4 0.150943 0.724319 0.073113 0.220126
5 0.982901 0.671908 0.034198 0.127883
5 0.094340 0.721174 0.084906 0.171908