0 0.602594 0.415094 0.172170 0.331237
0 0.432193 0.423480 0.168632 0.335430
1 0.744104 0.378407 0.110849 0.316562
1 0.291863 0.410901 0.112028 0.306080
2 0.844929 0.361635 0.093160 0.354298
2 0.190448 0.449686 0.090802 0.341719
3 0.919811 0.381551 0.058962 0.285115
3 0.116156 0.479036 0.057783 0.262055
4 0.964623 0.406709 0.030660 0.234801
4 0.067807 0.492662 0.036557 0.218029
5 0.989387 0.402516 0.021226 0.209644
5 0.034198 0.490566 0.028302 0.201258
0 0.601415 0.820755 0.110849 0.278826
0 0.491745 0.823899 0.106132 0.280922
1 0.709316 0.821803 0.102594 0.293501
1 0.388561 0.848008 0.100236 0.295597
2 0.810731 0.799790 0.100236 0.350105
2 0.290684 0.841719 0.093160 0.316562
3 0.888561 0.780922 0.090802 0.278826
3 0.212854 0.846960 0.083726 0.272537
4 0.943986 0.770440 0.076651 0.220126
4 0.150943 0.852201 0.075472 0.220126
5 0.979953 0.724319 0.040094 0.136268
5 0.085495 0.848008 0.097877 0.190776
6 0.974057 0.619497 0.051886 0.064990
6 0.058962 0.763103 0.108491 0.159329
7 0.991156 0.571279 0.017688 0.039832
7 0.043042 0.703354 0.060142 0.094340