0 0.587854 0.381551 0.173349 0.316562
0 0.419222 0.384696 0.166274 0.310273
1 0.734670 0.359539 0.115566 0.310273
1 0.284198 0.368973 0.099057 0.278826
2 0.842571 0.363732 0.102594 0.348008
2 0.191038 0.396226 0.080189 0.316562
3 0.931604 0.399371 0.070755 0.264151
3 0.129717 0.427673 0.042453 0.236897
4 0.983491 0.425577 0.033018 0.232704
4 0.093750 0.451782 0.029481 0.184486
0 0.561321 0.539832 0.101415 0.293501
0 0.461675 0.540881 0.095519 0.303983
1 0.672759 0.574423 0.121462 0.270440
1 0.362028 0.564990 0.101415 0.289308
2 0.786557 0.582809 0.106132 0.371069
2 0.268278 0.602725 0.083726 0.255765
3 0.879127 0.631027 0.079009 0.207547
3 0.188679 0.627883 0.075472 0.134172
4 0.947524 0.616352 0.057783 0.178197
4 0.129127 0.631027 0.043632 0.165618
5 0.075472 0.632075 0.056604 0.104822
6 0.058373 0.572327 0.045991 0.064990