0 0.594929 0.325996 0.178066 0.345912
0 0.415094 0.327044 0.179245 0.327044
1 0.745873 0.311321 0.116745 0.316562
1 0.265330 0.311321 0.122642 0.299790
2 0.854953 0.321803 0.101415 0.358491
2 0.158019 0.357442 0.089623 0.350105
3 0.937500 0.343816 0.063679 0.310273
4 0.972877 0.398323 0.054245 0.251572
3 0.082547 0.388889 0.061321 0.270440
4 0.031840 0.414046 0.040094 0.236897
0 0.605542 0.781971 0.109670 0.293501
0 0.491745 0.783019 0.110849 0.295597
1 0.719340 0.756813 0.120283 0.234801
1 0.380307 0.800839 0.109670 0.318658
2 0.828420 0.795597 0.097877 0.400419
2 0.274764 0.813417 0.101415 0.373166
3 0.908608 0.786164 0.095519 0.327044
3 0.188679 0.814465 0.094340 0.312369
4 0.964623 0.778826 0.070754 0.262055
4 0.122642 0.813417 0.084906 0.243187
5 0.055425 0.811321 0.108491 0.197065
6 0.043632 0.709644 0.087264 0.102725
7 0.027712 0.657233 0.055424 0.056604