0 0.582547 0.388889 0.172170 0.329140
0 0.411557 0.396226 0.165094 0.314465
1 0.726415 0.370021 0.117925 0.308176
1 0.277712 0.375262 0.102594 0.280922
2 0.838443 0.374214 0.103774 0.345912
2 0.186910 0.406709 0.079009 0.322851
3 0.925708 0.402516 0.070755 0.259958
3 0.123821 0.433962 0.047170 0.251572
4 0.980542 0.432914 0.038915 0.224319
4 0.085495 0.448637 0.024764 0.209644
5 0.061321 0.432914 0.023585 0.169811
0 0.567217 0.644654 0.110849 0.329140
0 0.459316 0.641509 0.104953 0.331237
1 0.676297 0.675052 0.109670 0.318658
1 0.357311 0.684486 0.091981 0.287212
2 0.783019 0.674004 0.103774 0.404612
2 0.264741 0.696017 0.093160 0.377358
3 0.875000 0.676101 0.077830 0.274633
3 0.185142 0.690776 0.068396 0.241090
4 0.939858 0.675052 0.063679 0.251572
4 0.140920 0.678197 0.062500 0.207547
5 0.985259 0.636268 0.027123 0.161426
5 0.082547 0.672956 0.063679 0.138365