0 0.594929 0.394130 0.166274 0.327044
0 0.425708 0.395178 0.167453 0.312369
1 0.736439 0.376310 0.112028 0.308176
1 0.290684 0.380503 0.100236 0.283019
2 0.850236 0.373166 0.113208 0.352201
2 0.198113 0.406709 0.082547 0.318658
3 0.938679 0.403564 0.066038 0.262055
3 0.134434 0.435010 0.042453 0.236897
4 0.985849 0.433962 0.028302 0.226415
4 0.097877 0.448637 0.030660 0.213836
0 0.569575 0.557652 0.101415 0.301887
0 0.468750 0.552411 0.097877 0.295597
1 0.683962 0.595388 0.122642 0.251572
1 0.367925 0.609015 0.103774 0.312369
2 0.791274 0.593291 0.094340 0.356394
2 0.265920 0.641509 0.097877 0.297694
3 0.880307 0.653040 0.081368 0.220126
3 0.182783 0.659329 0.068396 0.182390
4 0.951061 0.632075 0.060142 0.186583
4 0.130307 0.643606 0.041274 0.171908
5 0.077830 0.651992 0.061321 0.109015