0 0.568396 0.392034 0.179245 0.345912
0 0.396226 0.392034 0.172170 0.324948
1 0.716981 0.380503 0.113208 0.310273
1 0.256486 0.374214 0.107311 0.289308
2 0.834906 0.384696 0.115566 0.343816
2 0.163325 0.401468 0.081368 0.327044
3 0.926887 0.398323 0.070755 0.283019
3 0.099057 0.419287 0.047170 0.262055
4 0.981722 0.433962 0.034198 0.245283
4 0.060142 0.449686 0.028302 0.192872
5 0.032429 0.484277 0.022406 0.060797
0 0.544222 0.580713 0.100236 0.308176
0 0.438679 0.573375 0.096698 0.297694
1 0.660967 0.614256 0.112028 0.295597
1 0.333137 0.594340 0.095519 0.293501
2 0.768278 0.607966 0.102594 0.404612
2 0.228774 0.649895 0.106132 0.303983
3 0.861439 0.637317 0.090802 0.257862
3 0.148585 0.666667 0.058962 0.203354
4 0.936910 0.628931 0.071934 0.211740
4 0.100236 0.631027 0.044811 0.153040
5 0.985849 0.624738 0.028302 0.140461
5 0.043632 0.611635 0.063679 0.141509
6 0.021226 0.594340 0.042452 0.123690