0 0.581958 0.399371 0.173349 0.331237
0 0.409788 0.408805 0.168632 0.341719
1 0.720519 0.359539 0.106132 0.327044
1 0.268868 0.398323 0.113208 0.299790
2 0.824292 0.344864 0.096698 0.364780
2 0.166863 0.441300 0.088443 0.348008
3 0.902123 0.366876 0.058962 0.278826
3 0.094340 0.466457 0.056604 0.264151
4 0.945165 0.394130 0.024764 0.241090
4 0.047759 0.485325 0.036557 0.209644
5 0.973467 0.387841 0.031840 0.224319
5 0.015330 0.483229 0.025943 0.197065
6 0.991745 0.367925 0.016509 0.159329
0 0.585495 0.783019 0.114387 0.218029
0 0.476415 0.792453 0.103774 0.220126
1 0.698113 0.773585 0.106132 0.220126
1 0.376769 0.802935 0.100236 0.224319
2 0.794222 0.746331 0.102594 0.274633
2 0.279481 0.807128 0.089623 0.253669
3 0.873821 0.745283 0.089623 0.243187
3 0.199292 0.822851 0.091981 0.218029
4 0.927476 0.743187 0.079009 0.205451
4 0.136203 0.838574 0.074292 0.207547
5 0.971698 0.722222 0.056604 0.188679
5 0.074292 0.838574 0.096698 0.190776
6 0.968750 0.607966 0.062500 0.073375
6 0.045991 0.749476 0.091981 0.150943
7 0.983491 0.563941 0.033018 0.048218
7 0.031250 0.683438 0.060142 0.069182