0 0.587264 0.386792 0.183962 0.364780
0 0.408019 0.381551 0.174528 0.350105
1 0.744104 0.377358 0.127358 0.333333
1 0.263561 0.263103 0.079009 0.113208
2 0.866745 0.384696 0.115566 0.373166
2 0.160967 0.258910 0.064858 0.088050
3 0.962854 0.404612 0.074292 0.320755
0 0.561321 0.597484 0.108491 0.316562
0 0.449292 0.583857 0.106132 0.306080
1 0.679245 0.604822 0.122642 0.352201
1 0.342571 0.655136 0.090802 0.192872
2 0.793632 0.623690 0.108491 0.419287
3 0.895047 0.672956 0.091981 0.199161
4 0.969929 0.662474 0.060142 0.190776