0 0.577830 0.392034 0.167453 0.345912
0 0.408019 0.396226 0.174528 0.337526
1 0.717571 0.352201 0.112028 0.312369
1 0.268278 0.386792 0.104953 0.297694
2 0.820755 0.349057 0.094340 0.348008
2 0.165684 0.427673 0.095519 0.345912
3 0.897995 0.360587 0.062500 0.278826
3 0.091981 0.461216 0.054245 0.262055
4 0.944575 0.387841 0.030660 0.236897
4 0.048349 0.474843 0.035377 0.226415
5 0.974057 0.382600 0.025943 0.222222
5 0.017099 0.472746 0.029481 0.201258
6 0.992925 0.367925 0.014150 0.155136
0 0.574292 0.800839 0.110849 0.283019
0 0.466981 0.803983 0.103774 0.285115
1 0.683373 0.790356 0.104953 0.295597
1 0.364387 0.820755 0.101415 0.310273
2 0.785377 0.781971 0.099057 0.371069
2 0.264741 0.826520 0.095519 0.346960
3 0.861439 0.763103 0.088443 0.312369
3 0.185142 0.834382 0.087264 0.295597
4 0.919811 0.741090 0.077830 0.234801
4 0.125000 0.827044 0.073113 0.230608
5 0.966392 0.727463 0.067216 0.194969
5 0.059552 0.821803 0.100236 0.186583
6 0.962854 0.594340 0.074292 0.058700
6 0.047170 0.732704 0.094340 0.129979
7 0.981132 0.547170 0.037736 0.039832
7 0.032429 0.668763 0.057783 0.060797