0 0.587264 0.414046 0.167453 0.348008
0 0.418632 0.421384 0.169811 0.337526
1 0.725236 0.375262 0.110849 0.329140
1 0.277712 0.409853 0.112028 0.310273
2 0.830778 0.364780 0.095519 0.358491
2 0.175118 0.449686 0.088443 0.356394
3 0.906250 0.376310 0.055425 0.293501
3 0.104363 0.472746 0.055425 0.276730
4 0.948113 0.402516 0.028302 0.249476
4 0.057193 0.497904 0.036557 0.234801
5 0.974057 0.398323 0.023585 0.220126
5 0.020637 0.490566 0.034198 0.215933
6 0.992335 0.383648 0.015330 0.157233
0 0.578420 0.811321 0.112028 0.291405
0 0.469929 0.815514 0.102594 0.287212
1 0.688090 0.810273 0.107311 0.289308
1 0.368514 0.839623 0.102594 0.297694
2 0.793042 0.798742 0.100236 0.375262
2 0.270047 0.837002 0.096698 0.325996
3 0.869104 0.780922 0.091981 0.314465
3 0.189269 0.844864 0.095519 0.278826
4 0.923939 0.755765 0.076651 0.234801
4 0.130307 0.842767 0.074292 0.220126
5 0.966981 0.734801 0.066038 0.188679
5 0.063679 0.839623 0.099057 0.192872
6 0.964033 0.609015 0.071934 0.054507
6 0.047759 0.749476 0.093160 0.142558
7 0.982311 0.560797 0.035377 0.041929
7 0.031250 0.682390 0.060142 0.067086