0 0.582547 0.405660 0.174528 0.350105
0 0.412146 0.410901 0.170991 0.343816
1 0.724057 0.371069 0.108491 0.318658
1 0.270047 0.409853 0.113208 0.303983
2 0.825472 0.358491 0.094340 0.356394
2 0.170991 0.445493 0.087264 0.354298
3 0.901533 0.376310 0.057783 0.291405
3 0.098467 0.467505 0.057783 0.272537
4 0.946344 0.399371 0.031840 0.241090
4 0.052476 0.483229 0.036557 0.232704
5 0.973467 0.394130 0.024764 0.218029
5 0.017099 0.481132 0.031840 0.203354
6 0.993514 0.378407 0.012972 0.157233
0 0.573703 0.806080 0.109670 0.291405
0 0.466392 0.809224 0.102594 0.285115
1 0.683373 0.800839 0.112028 0.301887
1 0.365566 0.834382 0.099057 0.318658
2 0.789505 0.790356 0.093160 0.377358
2 0.267689 0.833333 0.091981 0.333333
3 0.864387 0.773585 0.091981 0.306080
3 0.184552 0.834382 0.081368 0.285115
4 0.918632 0.756813 0.082547 0.238994
4 0.127358 0.831237 0.077830 0.224319
5 0.968750 0.734801 0.062500 0.186583
5 0.060731 0.833333 0.093160 0.186583
6 0.961085 0.603774 0.073113 0.058700
6 0.044811 0.742138 0.080189 0.150943
7 0.979953 0.558700 0.040094 0.035639
7 0.030660 0.674004 0.051887 0.069182