0 0.600236 0.401468 0.167453 0.327044
0 0.431014 0.400419 0.163915 0.324948
1 0.744693 0.377358 0.121462 0.308176
1 0.295991 0.381551 0.101415 0.287212
2 0.856722 0.377358 0.100236 0.337526
2 0.204599 0.418239 0.079009 0.327044
3 0.946344 0.409853 0.069575 0.259958
3 0.138561 0.441300 0.045991 0.243187
4 0.990566 0.444444 0.018868 0.228512
4 0.099646 0.463312 0.027123 0.199161
0 0.574882 0.578616 0.104953 0.232704
0 0.469340 0.561845 0.099057 0.207547
1 0.687500 0.605870 0.117925 0.266247
1 0.371462 0.569182 0.094340 0.209644
2 0.797170 0.594340 0.103774 0.360587
2 0.287736 0.580713 0.075472 0.236897
3 0.889151 0.645702 0.084906 0.207547
3 0.206958 0.634172 0.083726 0.104822
4 0.962264 0.632075 0.058962 0.184486
4 0.143868 0.616352 0.042453 0.115304
5 0.093160 0.615304 0.051887 0.100629
6 0.063679 0.589099 0.042453 0.064990