0 0.594340 0.409853 0.172170 0.320755
0 0.422170 0.415094 0.165094 0.335430
1 0.734080 0.365828 0.107311 0.312369
1 0.283608 0.406709 0.112028 0.285115
2 0.835495 0.358491 0.095519 0.356394
2 0.181604 0.446541 0.089623 0.331237
3 0.912736 0.370021 0.061321 0.295597
3 0.107311 0.467505 0.054245 0.255765
4 0.957547 0.398323 0.028302 0.238994
4 0.060731 0.483229 0.036557 0.220126
5 0.983491 0.396226 0.023585 0.205451
5 0.022406 0.476939 0.037736 0.203354
0 0.593750 0.815514 0.114387 0.289308
0 0.487028 0.817610 0.096698 0.285115
1 0.704009 0.813417 0.103774 0.293501
1 0.383844 0.842767 0.102594 0.301887
2 0.806014 0.788260 0.100236 0.343816
2 0.286557 0.837526 0.091981 0.324948
3 0.882075 0.778826 0.089623 0.303983
3 0.205189 0.849057 0.091981 0.272537
4 0.938090 0.763103 0.076651 0.243187
4 0.145047 0.846960 0.073113 0.226415
5 0.975236 0.730608 0.049528 0.174004
5 0.081958 0.840671 0.095519 0.184486
6 0.971698 0.607966 0.056604 0.067086
6 0.050708 0.754717 0.101415 0.146751
7 0.984080 0.553459 0.031840 0.041929
7 0.037146 0.696017 0.069575 0.104822