0 0.558373 0.415094 0.180425 0.368973
0 0.379717 0.389937 0.167453 0.276730
1 0.711675 0.392034 0.128538 0.348008
2 0.834906 0.405660 0.117925 0.375262
3 0.931604 0.427673 0.075472 0.310273
4 0.985849 0.463312 0.028302 0.247379
1 0.652123 0.633124 0.120283 0.331237
2 0.766509 0.655136 0.106132 0.396226
3 0.864976 0.696017 0.088443 0.213836
4 0.941627 0.684486 0.060142 0.203354
5 0.987028 0.649895 0.025943 0.134172
1 0.241156 0.290356 0.083726 0.102725
2 0.130896 0.309224 0.066038 0.123690
0 0.532429 0.681342 0.083726 0.167715