0 0.574292 0.433962 0.172170 0.341719
0 0.403302 0.440252 0.167453 0.337526
1 0.716392 0.407757 0.112028 0.314465
1 0.264741 0.426625 0.109670 0.293501
2 0.821344 0.382600 0.097877 0.360587
2 0.169222 0.460168 0.083726 0.343816
3 0.903302 0.400419 0.070755 0.287212
3 0.101415 0.481132 0.051887 0.276730
4 0.956368 0.425577 0.035377 0.236897
4 0.058373 0.486373 0.031840 0.228512
5 0.986439 0.405660 0.027122 0.197065
5 0.028302 0.470650 0.028302 0.188679
0 0.548939 0.598532 0.109670 0.318658
0 0.445755 0.602725 0.099057 0.327044
1 0.662146 0.640461 0.116745 0.272537
1 0.344340 0.640461 0.101415 0.310273
2 0.765920 0.619497 0.090802 0.364780
2 0.244693 0.710692 0.100236 0.274633
3 0.853184 0.668763 0.083726 0.211740
3 0.158608 0.719078 0.069575 0.182390
4 0.919222 0.637317 0.064858 0.182390
4 0.100236 0.692872 0.044811 0.150943
5 0.971698 0.622642 0.056604 0.148847
5 0.044811 0.678197 0.063679 0.159329