0 0.568396 0.393082 0.174528 0.343816
0 0.397406 0.394130 0.165094 0.341719
1 0.710495 0.353249 0.107311 0.314465
1 0.259434 0.393082 0.106132 0.293501
2 0.814858 0.344864 0.096698 0.364780
2 0.159198 0.428721 0.094340 0.348008
3 0.893868 0.353249 0.058962 0.289308
3 0.086675 0.459119 0.053066 0.274633
4 0.936321 0.387841 0.030660 0.236897
4 0.041274 0.480084 0.035377 0.220126
5 0.966392 0.383648 0.029481 0.224319
5 0.010024 0.477987 0.020047 0.211740
6 0.990566 0.363732 0.018868 0.150943
0 0.567807 0.797694 0.112028 0.297694
0 0.459906 0.800839 0.108491 0.299790
1 0.676887 0.795597 0.110849 0.293501
1 0.353774 0.821803 0.103774 0.299790
2 0.778892 0.778826 0.093160 0.364780
2 0.255896 0.828616 0.091981 0.342767
3 0.856132 0.764151 0.094340 0.306080
3 0.177476 0.838574 0.090802 0.295597
4 0.913325 0.745283 0.083726 0.243187
4 0.118514 0.832285 0.074292 0.232704
5 0.962854 0.724319 0.074292 0.201258
5 0.056604 0.827044 0.094340 0.188679
6 0.959906 0.593291 0.080188 0.060797
6 0.043632 0.732704 0.087264 0.134172
7 0.978774 0.542977 0.042452 0.035639
7 0.027123 0.668763 0.054245 0.069182