0 0.589033 0.317610 0.180425 0.350105
0 0.408608 0.321803 0.175708 0.333333
1 0.738208 0.306080 0.117925 0.318658
1 0.258844 0.305031 0.121462 0.303983
2 0.849057 0.313417 0.101415 0.358491
2 0.152123 0.352201 0.094340 0.348008
3 0.930425 0.344864 0.063679 0.303983
3 0.076061 0.384696 0.060142 0.278826
4 0.971108 0.394130 0.053066 0.243187
4 0.025943 0.407757 0.040094 0.241090
0 0.602005 0.779874 0.119104 0.293501
0 0.485259 0.785115 0.112028 0.299790
1 0.375000 0.797694 0.108491 0.312369
2 0.267099 0.810273 0.102594 0.371069
2 0.818396 0.789308 0.099057 0.392034
3 0.901533 0.763103 0.100236 0.280922
3 0.181014 0.816562 0.097877 0.324948
4 0.959906 0.780922 0.080188 0.270440
4 0.116156 0.814465 0.088443 0.241090
5 0.051297 0.808176 0.102594 0.194969
6 0.040094 0.711740 0.080188 0.111111
7 0.024175 0.656184 0.048349 0.054507