0 0.592571 0.394130 0.163915 0.312369
0 0.425118 0.394130 0.166274 0.320755
1 0.735849 0.377358 0.117925 0.312369
1 0.288325 0.378407 0.107311 0.289308
2 0.845519 0.372117 0.106132 0.335430
2 0.194575 0.412998 0.077830 0.320755
3 0.937500 0.410901 0.070755 0.253669
3 0.132075 0.436059 0.047170 0.245283
4 0.985849 0.436059 0.028302 0.228512
4 0.093750 0.471698 0.027123 0.182390
0 0.566038 0.581761 0.094340 0.268344
0 0.468160 0.582809 0.096698 0.274633
1 0.675118 0.600629 0.119104 0.280922
1 0.368514 0.569182 0.102594 0.234801
2 0.788915 0.583857 0.108491 0.385744
2 0.282429 0.574423 0.064858 0.199161
3 0.883255 0.640461 0.077830 0.213836
4 0.950472 0.628931 0.056604 0.174004
6 0.058373 0.578616 0.041274 0.073375