0 0.558962 0.416143 0.183962 0.366876
0 0.381486 0.376310 0.168632 0.249476
1 0.716981 0.401468 0.122642 0.337526
2 0.837264 0.408805 0.117925 0.373166
3 0.933373 0.423480 0.071934 0.310273
4 0.985849 0.464361 0.028302 0.262055
1 0.654481 0.638365 0.110849 0.324948
2 0.765920 0.654088 0.109670 0.415094
3 0.866156 0.694969 0.090802 0.207547
4 0.943396 0.680294 0.063679 0.211740
5 0.987618 0.660377 0.022406 0.134172
1 0.238208 0.289308 0.080189 0.100629
2 0.131486 0.306080 0.064858 0.142558
0 0.535967 0.689727 0.100236 0.197065