0 0.593750 0.392034 0.173349 0.327044
0 0.421580 0.389937 0.168632 0.331237
1 0.737028 0.361635 0.115566 0.312369
1 0.290094 0.364780 0.091981 0.289308
2 0.847288 0.367925 0.102594 0.345912
2 0.199292 0.404612 0.082547 0.322851
3 0.934552 0.393082 0.074292 0.257862
3 0.132075 0.426625 0.047170 0.249476
4 0.984670 0.428721 0.030660 0.224319
4 0.095519 0.440252 0.023585 0.218029
5 0.071344 0.418239 0.027123 0.157233
0 0.574292 0.733753 0.110849 0.272537
0 0.466981 0.741090 0.103774 0.270440
1 0.687500 0.748428 0.110849 0.297694
1 0.366745 0.754717 0.096698 0.310273
2 0.793632 0.743187 0.101415 0.366876
2 0.272406 0.755765 0.091981 0.337526
3 0.878538 0.737945 0.087264 0.301887
3 0.205189 0.738994 0.082547 0.257862
4 0.944575 0.729560 0.082547 0.234801
4 0.152712 0.743187 0.069575 0.228512
5 0.982311 0.664570 0.035377 0.121593
5 0.094340 0.733753 0.084906 0.167715