0 0.581958 0.396226 0.170991 0.348008
0 0.410377 0.404612 0.169811 0.348008
1 0.722288 0.365828 0.109670 0.324948
1 0.269458 0.402516 0.114387 0.306080
2 0.824882 0.351153 0.093160 0.358491
2 0.168042 0.441300 0.086085 0.337526
3 0.902123 0.365828 0.063679 0.283019
3 0.097877 0.463312 0.051887 0.268344
4 0.946934 0.390985 0.025943 0.253669
4 0.051297 0.481132 0.041274 0.232704
5 0.971108 0.387841 0.024764 0.222222
5 0.015920 0.479036 0.031840 0.220126
6 0.991156 0.375262 0.017688 0.155136
0 0.573703 0.799790 0.109670 0.295597
0 0.464033 0.800839 0.104953 0.285115
1 0.682193 0.796646 0.107311 0.293501
1 0.362618 0.821803 0.100236 0.301887
2 0.784788 0.779874 0.100236 0.377358
2 0.264741 0.824948 0.095519 0.333333
3 0.860849 0.762055 0.089623 0.308176
3 0.182783 0.830189 0.087264 0.285115
4 0.918042 0.746331 0.081368 0.243187
4 0.122052 0.820755 0.071934 0.211740
5 0.971698 0.724319 0.056604 0.190776
5 0.060142 0.827044 0.091981 0.194969
6 0.964033 0.592243 0.071934 0.069182
6 0.042453 0.735849 0.084906 0.155136
7 0.982311 0.556604 0.033019 0.060797
7 0.028302 0.667715 0.049528 0.064990