0 0.573113 0.394130 0.176887 0.350105
0 0.399764 0.394130 0.172170 0.329140
1 0.722877 0.377358 0.115566 0.312369
1 0.259434 0.374214 0.106132 0.297694
2 0.839033 0.379455 0.114387 0.358491
2 0.168042 0.405660 0.083726 0.335430
3 0.927476 0.395178 0.071934 0.306080
3 0.102005 0.418239 0.048349 0.272537
4 0.981722 0.443396 0.036556 0.259958
4 0.066627 0.443396 0.038915 0.201258
0 0.546580 0.576520 0.097877 0.312369
0 0.439269 0.566038 0.095519 0.291405
1 0.660967 0.610063 0.112028 0.274633
1 0.334906 0.598532 0.094340 0.310273
2 0.768868 0.599581 0.103774 0.396226
2 0.232901 0.656184 0.107311 0.308176
3 0.864976 0.625786 0.090802 0.297694
3 0.160967 0.634172 0.081368 0.280922
4 0.933373 0.619497 0.076651 0.230608
4 0.098467 0.632075 0.038915 0.167715
5 0.986439 0.620545 0.024764 0.123690
5 0.045401 0.621069 0.064858 0.151992
5 0.035377 0.473795 0.023585 0.048218
6 0.022406 0.596436 0.044811 0.132075