0 0.563679 0.402516 0.179245 0.327044
0 0.390330 0.340671 0.148585 0.174004
1 0.719340 0.401468 0.127358 0.345912
2 0.839033 0.406709 0.112028 0.368973
3 0.933962 0.423480 0.075472 0.318658
4 0.986439 0.466457 0.024764 0.245283
0 0.656250 0.637317 0.109670 0.293501
2 0.775354 0.658281 0.126179 0.394130
3 0.874410 0.693920 0.079009 0.230608
4 0.944575 0.684486 0.063679 0.207547
5 0.988797 0.653040 0.022406 0.127883
2 0.142099 0.289308 0.055425 0.100629
1 0.232901 0.267296 0.064858 0.060797
0 0.541274 0.671908 0.096698 0.207547