0 0.594929 0.316562 0.178066 0.348008
0 0.411557 0.320755 0.181604 0.322851
1 0.744104 0.301887 0.120283 0.310273
1 0.262972 0.309224 0.115566 0.287212
2 0.852594 0.313417 0.096698 0.362683
2 0.158608 0.353249 0.093160 0.345912
3 0.933962 0.340671 0.066038 0.291405
3 0.080189 0.380503 0.056604 0.270440
4 0.974057 0.394130 0.051886 0.238994
4 0.030660 0.409853 0.042453 0.241090
0 0.604363 0.783019 0.116745 0.308176
0 0.488797 0.772537 0.109670 0.295597
1 0.717571 0.748428 0.116745 0.247379
1 0.377948 0.798742 0.109670 0.322851
2 0.823113 0.778826 0.099057 0.362683
2 0.269458 0.808176 0.102594 0.379455
3 0.907429 0.775681 0.097877 0.310273
3 0.185142 0.814465 0.096698 0.324948
4 0.963443 0.776730 0.073113 0.274633
4 0.122642 0.811321 0.084906 0.247379
5 0.055425 0.807128 0.110849 0.205451
6 0.043632 0.702306 0.084906 0.100629
7 0.024764 0.645702 0.047170 0.041929