0 0.554245 0.423480 0.183962 0.352201
0 0.371462 0.421384 0.172170 0.331237
1 0.711675 0.404612 0.123821 0.327044
1 0.234080 0.364780 0.100236 0.230608
2 0.833726 0.404612 0.115566 0.377358
2 0.132075 0.325996 0.082547 0.161426
3 0.930425 0.425577 0.073113 0.297694
3 0.063090 0.360587 0.043632 0.117400
4 0.982311 0.464361 0.035377 0.253669
1 0.645047 0.639413 0.120283 0.327044
2 0.763561 0.653040 0.114387 0.404612
3 0.864387 0.699161 0.087264 0.207547
4 0.934552 0.681342 0.083726 0.205451
5 0.988208 0.649895 0.023584 0.134172
0 0.523585 0.691824 0.113208 0.192872