0 0.579009 0.440252 0.172170 0.335430
0 0.409788 0.445493 0.168632 0.329140
1 0.720519 0.407757 0.110849 0.312369
1 0.271816 0.435010 0.104953 0.291405
2 0.826651 0.386792 0.101415 0.354298
2 0.176297 0.469602 0.081368 0.327044
3 0.909788 0.406709 0.064858 0.268344
3 0.110259 0.491614 0.050708 0.262055
4 0.958726 0.436059 0.033019 0.213836
4 0.068396 0.505241 0.033019 0.205451
5 0.988208 0.428721 0.023584 0.199161
5 0.038915 0.480084 0.028302 0.184486
0 0.555425 0.613208 0.110849 0.308176
0 0.450472 0.615304 0.096698 0.312369
1 0.667453 0.627883 0.113208 0.270440
1 0.349057 0.643606 0.103774 0.280922
2 0.770637 0.619497 0.090802 0.375262
2 0.250590 0.701258 0.093160 0.312369
3 0.857311 0.668763 0.080189 0.213836
3 0.168042 0.711740 0.074292 0.153040
4 0.925708 0.629979 0.058962 0.182390
4 0.110259 0.692872 0.043632 0.136268
5 0.977594 0.618449 0.044811 0.146751
5 0.053066 0.679245 0.070755 0.138365