0 0.556014 0.419287 0.182783 0.360587
0 0.376179 0.396226 0.172170 0.289308
1 0.709906 0.404612 0.120283 0.327044
2 0.830189 0.407757 0.117925 0.371069
3 0.927476 0.427673 0.074292 0.310273
4 0.983491 0.462264 0.033018 0.262055
1 0.646226 0.633124 0.117925 0.310273
2 0.759434 0.651992 0.103774 0.398323
3 0.861439 0.701258 0.095519 0.220126
4 0.940448 0.685535 0.062500 0.205451
5 0.985849 0.655136 0.028302 0.123690
1 0.238208 0.306080 0.091981 0.134172
2 0.129717 0.310273 0.070755 0.142558
0 0.534198 0.682390 0.096698 0.165618