0 0.573113 0.393082 0.174528 0.360587
0 0.397995 0.401468 0.170991 0.327044
1 0.721108 0.380503 0.114387 0.318658
1 0.261203 0.370021 0.109670 0.306080
2 0.838443 0.380503 0.115566 0.352201
2 0.166274 0.403564 0.084906 0.331237
3 0.928656 0.398323 0.076651 0.295597
3 0.102005 0.417191 0.045991 0.278826
4 0.058962 0.452830 0.033019 0.203354
4 0.983491 0.435010 0.033018 0.238994
0 0.547170 0.583857 0.103774 0.306080
0 0.441627 0.580713 0.100236 0.303983
1 0.660967 0.590147 0.109670 0.314465
1 0.336675 0.579665 0.093160 0.343816
2 0.771226 0.611111 0.099057 0.381551
2 0.231132 0.655136 0.108491 0.310273
3 0.863208 0.621593 0.091981 0.280922
3 0.158019 0.627883 0.080189 0.276730
4 0.936321 0.616352 0.063679 0.236897
4 0.100825 0.623690 0.043632 0.184486
5 0.985849 0.611111 0.028302 0.142558
5 0.044222 0.626310 0.060142 0.145702
5 0.029481 0.482180 0.028302 0.039832
6 0.020047 0.594340 0.040094 0.136268