0 0.570165 0.389937 0.170991 0.350105
0 0.395047 0.397275 0.172170 0.322851
1 0.715802 0.380503 0.120283 0.310273
1 0.256486 0.376310 0.107311 0.289308
2 0.831368 0.379455 0.113208 0.354298
2 0.165094 0.397275 0.084906 0.335430
3 0.925118 0.399371 0.074292 0.289308
3 0.098467 0.416143 0.045991 0.264151
4 0.982311 0.433962 0.035377 0.245283
4 0.061321 0.445493 0.030660 0.188679
0 0.544222 0.571279 0.100236 0.306080
0 0.437500 0.568134 0.099057 0.303983
1 0.654481 0.603774 0.110849 0.312369
1 0.333137 0.591195 0.100236 0.295597
2 0.764741 0.605870 0.112028 0.387841
2 0.227594 0.649895 0.110849 0.303983
3 0.862028 0.617400 0.087264 0.293501
3 0.157429 0.639413 0.081368 0.249476
4 0.929245 0.611111 0.075472 0.243187
4 0.096698 0.633124 0.042453 0.182390
5 0.983491 0.620545 0.033018 0.148847
5 0.043042 0.617925 0.055425 0.162474
5 0.034788 0.468553 0.022406 0.058700
6 0.020637 0.583857 0.041274 0.127883