0 0.579599 0.447589 0.168632 0.331237
0 0.412736 0.451782 0.165094 0.335430
1 0.721698 0.421384 0.113208 0.312369
1 0.275943 0.440252 0.108491 0.299790
2 0.829009 0.397275 0.106132 0.352201
2 0.177476 0.477987 0.088443 0.341719
3 0.913325 0.419287 0.062500 0.274633
3 0.110259 0.495807 0.048349 0.255765
4 0.962264 0.440252 0.033019 0.228512
4 0.067807 0.507338 0.031840 0.215933
5 0.988208 0.426625 0.021226 0.192872
5 0.038325 0.487421 0.029481 0.197065
0 0.558373 0.619497 0.107311 0.301887
0 0.454599 0.614256 0.097877 0.299790
1 0.668632 0.642558 0.113208 0.259958
1 0.351415 0.657233 0.103774 0.285115
2 0.773585 0.636268 0.094340 0.364780
2 0.252948 0.723270 0.093160 0.278826
3 0.858491 0.670860 0.075472 0.199161
3 0.169811 0.722222 0.073113 0.146751
4 0.924528 0.651992 0.066038 0.194969
4 0.109670 0.702306 0.047170 0.148847
5 0.976415 0.627883 0.047170 0.142558
5 0.053066 0.691824 0.066038 0.148847