0 0.589033 0.397275 0.170991 0.329140
0 0.418632 0.403564 0.169811 0.333333
1 0.728774 0.356394 0.110849 0.318658
1 0.275943 0.395178 0.108491 0.299790
2 0.829599 0.346960 0.090802 0.350105
2 0.176887 0.437107 0.087264 0.333333
3 0.905660 0.363732 0.063679 0.283019
3 0.103184 0.460168 0.057783 0.262055
4 0.951061 0.394130 0.031840 0.230608
4 0.056604 0.474843 0.037736 0.220126
5 0.979953 0.382600 0.025943 0.207547
5 0.018868 0.476939 0.033019 0.194969
0 0.592571 0.806080 0.109670 0.274633
0 0.485849 0.809224 0.101415 0.280922
1 0.701061 0.805031 0.107311 0.289308
1 0.381486 0.834382 0.100236 0.301887
2 0.799528 0.770440 0.094340 0.333333
2 0.285967 0.831237 0.093160 0.324948
3 0.879127 0.755765 0.088443 0.278826
3 0.202241 0.842767 0.083726 0.285115
4 0.933962 0.749476 0.075472 0.232704
4 0.141509 0.838574 0.075472 0.226415
5 0.974057 0.723270 0.051886 0.171908
5 0.079009 0.834382 0.091981 0.184486
6 0.969340 0.599581 0.061320 0.067086
6 0.053066 0.744235 0.106132 0.163522
7 0.986439 0.551363 0.027122 0.037736
7 0.033608 0.681342 0.062500 0.079665