0 0.594340 0.327044 0.179245 0.348008
0 0.413325 0.327044 0.182783 0.343816
1 0.743514 0.313417 0.119104 0.320755
1 0.264151 0.312369 0.115566 0.310273
2 0.854953 0.318658 0.101415 0.360587
2 0.158019 0.362683 0.094340 0.348008
3 0.937500 0.346960 0.063679 0.308176
3 0.080778 0.386792 0.062500 0.278826
4 0.974057 0.399371 0.051886 0.257862
4 0.029481 0.412998 0.042453 0.247379
0 0.606132 0.789308 0.110849 0.295597
0 0.491745 0.777778 0.115566 0.268344
1 0.717571 0.805031 0.112028 0.306080
1 0.379127 0.811321 0.109670 0.318658
2 0.826061 0.801887 0.102594 0.396226
2 0.271226 0.815514 0.106132 0.360587
3 0.907429 0.797694 0.100236 0.324948
3 0.186321 0.828092 0.099057 0.314465
4 0.962854 0.789308 0.074292 0.266247
4 0.122052 0.822851 0.086085 0.245283
5 0.052476 0.819706 0.104952 0.205451
6 0.044811 0.706499 0.089622 0.100629
7 0.024175 0.654088 0.038915 0.041929