0 0.599057 0.329140 0.179245 0.335430
0 0.418042 0.323899 0.173349 0.324948
1 0.748821 0.313417 0.113208 0.320755
1 0.269458 0.309224 0.123821 0.295597
2 0.857311 0.321803 0.103774 0.358491
2 0.160967 0.354298 0.090802 0.339623
3 0.941627 0.345912 0.062500 0.297694
3 0.084316 0.387841 0.055425 0.272537
4 0.979363 0.396226 0.041274 0.255765
4 0.036557 0.411950 0.037736 0.232704
0 0.612618 0.779874 0.121462 0.293501
0 0.497642 0.773585 0.108491 0.276730
1 0.723467 0.778826 0.102594 0.312369
1 0.388561 0.789308 0.107311 0.299790
2 0.831368 0.731656 0.091981 0.289308
2 0.281840 0.807128 0.108491 0.381551
3 0.918042 0.729560 0.083726 0.238994
3 0.190448 0.811321 0.090802 0.314465
4 0.965802 0.768344 0.061321 0.253669
4 0.128538 0.801887 0.082547 0.228512
5 0.058962 0.805031 0.103774 0.192872
6 0.047759 0.705451 0.093160 0.115304
7 0.026533 0.641509 0.043632 0.050314