0 0.596698 0.425448 0.141509 0.292163
0 0.455189 0.430485 0.141509 0.294178
1 0.708726 0.450635 0.091981 0.253880
1 0.326651 0.426456 0.113208 0.261939
2 0.777712 0.444590 0.045991 0.249850
2 0.234080 0.432500 0.064858 0.257909
3 0.808373 0.450635 0.017689 0.165223
3 0.188090 0.447612 0.024764 0.147089
4 0.159788 0.444590 0.027123 0.137014
0 0.544222 0.640037 0.095519 0.229701
0 0.453420 0.632985 0.083726 0.239775
1 0.629717 0.658171 0.080189 0.229701
1 0.370283 0.636007 0.084906 0.249850
2 0.709316 0.674290 0.079009 0.257909
2 0.292453 0.661193 0.070755 0.235745
3 0.764741 0.639029 0.031840 0.134999
3 0.227005 0.624925 0.060142 0.126940
4 0.180425 0.577574 0.037736 0.112835
5 0.148585 0.559440 0.030660 0.084627