0 0.575472 0.438155 0.169811 0.337526
0 0.405660 0.448637 0.169811 0.337526
1 0.715802 0.405660 0.108491 0.318658
1 0.267099 0.436059 0.104953 0.295597
2 0.820755 0.390985 0.096698 0.352201
2 0.170401 0.465409 0.086085 0.337526
3 0.903302 0.402516 0.068396 0.278826
3 0.101415 0.486373 0.051887 0.270440
4 0.956368 0.423480 0.035377 0.228512
4 0.058373 0.489518 0.034198 0.218029
5 0.987028 0.407757 0.025943 0.205451
5 0.028892 0.466457 0.022406 0.171908
0 0.552476 0.611111 0.102594 0.310273
0 0.449882 0.611111 0.100236 0.301887
1 0.660967 0.642558 0.112028 0.264151
1 0.345519 0.655136 0.101415 0.285115
2 0.766509 0.626834 0.099057 0.362683
2 0.244104 0.720126 0.101415 0.289308
3 0.855542 0.666667 0.081368 0.211740
3 0.160377 0.720126 0.066038 0.171908
4 0.919811 0.640461 0.066038 0.201258
4 0.103184 0.699161 0.048349 0.155136
5 0.970519 0.623690 0.058962 0.167715
5 0.044222 0.684486 0.064858 0.167715