0 0.606132 0.415094 0.174528 0.339623
0 0.436321 0.424528 0.165094 0.333333
1 0.748821 0.375262 0.108491 0.331237
1 0.297170 0.416143 0.113208 0.299790
2 0.849057 0.370021 0.094340 0.354298
2 0.195755 0.450734 0.089623 0.356394
3 0.925708 0.380503 0.061321 0.287212
3 0.120283 0.477987 0.061321 0.259958
4 0.969929 0.412998 0.024764 0.230608
4 0.069575 0.494759 0.037736 0.218029
5 0.990566 0.401468 0.018868 0.207547
5 0.033019 0.485325 0.030660 0.190776
0 0.604363 0.824948 0.114387 0.303983
0 0.495283 0.822851 0.103774 0.295597
1 0.713443 0.819706 0.108491 0.285115
1 0.391509 0.851153 0.101415 0.297694
2 0.814858 0.803983 0.096698 0.358491
2 0.295401 0.840671 0.093160 0.318658
3 0.888561 0.776730 0.090802 0.278826
3 0.215802 0.851153 0.091981 0.268344
4 0.943396 0.774633 0.075472 0.232704
4 0.153892 0.853249 0.076651 0.226415
5 0.981722 0.723270 0.036556 0.138365
5 0.089623 0.845912 0.094340 0.190776
6 0.970519 0.622642 0.058962 0.067086
6 0.060142 0.761006 0.108491 0.159329
7 0.049528 0.692872 0.061321 0.064990
7 0.988208 0.572327 0.023584 0.037736