0 0.589033 0.404612 0.168632 0.314465
0 0.422170 0.407757 0.165094 0.303983
1 0.734080 0.379455 0.119104 0.297694
1 0.287146 0.384696 0.104953 0.283019
2 0.845519 0.380503 0.106132 0.345912
2 0.194575 0.415094 0.080189 0.314465
3 0.934552 0.406709 0.069575 0.264151
3 0.130896 0.444444 0.044811 0.255765
4 0.983491 0.440252 0.033018 0.230608
4 0.092571 0.467505 0.031840 0.205451
0 0.562500 0.575472 0.106132 0.283019
0 0.461085 0.575472 0.094340 0.283019
1 0.675118 0.604822 0.121462 0.249476
1 0.360259 0.600629 0.107311 0.283019
2 0.785967 0.595388 0.097877 0.360587
2 0.262382 0.647799 0.090802 0.306080
3 0.875000 0.647799 0.080189 0.222222
3 0.181604 0.657233 0.070755 0.169811
4 0.945755 0.633124 0.063679 0.184486
4 0.127358 0.649895 0.040094 0.150943
5 0.075472 0.632075 0.063679 0.115304