0 0.599646 0.410901 0.166274 0.312369
0 0.431014 0.410901 0.166274 0.312369
1 0.746462 0.388889 0.120283 0.301887
1 0.295401 0.382600 0.102594 0.285115
2 0.857901 0.384696 0.107311 0.343816
2 0.204599 0.423480 0.079009 0.316562
3 0.947524 0.422432 0.067217 0.247379
3 0.140330 0.447589 0.044811 0.247379
4 0.990566 0.450734 0.018868 0.224319
4 0.101415 0.468553 0.033019 0.197065
0 0.575472 0.587002 0.103774 0.262055
0 0.472288 0.583857 0.095519 0.264151
1 0.686321 0.610063 0.117925 0.257862
1 0.373231 0.596436 0.104953 0.272537
2 0.794811 0.604822 0.103774 0.373166
2 0.278892 0.621593 0.083726 0.280922
3 0.889151 0.660377 0.087264 0.211740
3 0.199292 0.658281 0.073113 0.153040
4 0.960495 0.633124 0.057783 0.182390
4 0.140920 0.648847 0.041274 0.150943
5 0.090802 0.642558 0.058962 0.146751
6 0.064269 0.599581 0.048349 0.077568