0 0.591981 0.315514 0.183962 0.358491
0 0.409198 0.322851 0.183962 0.335430
1 0.744104 0.300839 0.120283 0.329140
1 0.262972 0.311321 0.113208 0.291405
2 0.856132 0.317610 0.101415 0.362683
2 0.158608 0.357442 0.095519 0.350105
3 0.936910 0.340671 0.062500 0.312369
3 0.080189 0.386792 0.058962 0.270440
4 0.976415 0.388889 0.047170 0.241090
4 0.029481 0.414046 0.040094 0.232704
0 0.606132 0.771488 0.117925 0.293501
0 0.490566 0.768344 0.113208 0.287212
1 0.721698 0.779874 0.113208 0.306080
1 0.382665 0.785115 0.107311 0.316562
2 0.823703 0.731656 0.090802 0.310273
2 0.272406 0.807128 0.108491 0.385744
3 0.909198 0.745283 0.091981 0.262055
3 0.185142 0.799790 0.091981 0.291405
4 0.122642 0.801887 0.084906 0.236897
4 0.964623 0.770440 0.070754 0.257862
5 0.053066 0.799790 0.096698 0.207547
6 0.037736 0.708595 0.075472 0.134172
7 0.024764 0.640461 0.035377 0.048218