0 0.593750 0.324948 0.178066 0.343816
0 0.412736 0.322851 0.179245 0.327044
1 0.742335 0.309224 0.114387 0.316562
1 0.262382 0.310273 0.119104 0.293501
2 0.852594 0.316562 0.101415 0.356394
2 0.156250 0.355346 0.093160 0.350105
3 0.935731 0.346960 0.069575 0.299790
3 0.080189 0.388889 0.056604 0.274633
4 0.974057 0.397275 0.051886 0.245283
4 0.029481 0.410901 0.037736 0.226415
0 0.600825 0.790356 0.114387 0.297694
0 0.488208 0.787212 0.108491 0.295597
1 0.716981 0.770440 0.115566 0.270440
1 0.376769 0.803983 0.107311 0.316562
2 0.822524 0.768344 0.100236 0.333333
2 0.272406 0.812369 0.101415 0.366876
3 0.907429 0.773585 0.095519 0.301887
3 0.184552 0.816562 0.097877 0.316562
4 0.962264 0.780922 0.075472 0.274633
4 0.120283 0.807128 0.080189 0.234801
5 0.054835 0.806080 0.104953 0.194969
6 0.042453 0.701258 0.084906 0.098532
7 0.025354 0.655136 0.050708 0.056604