0 0.588443 0.387841 0.186321 0.354298
0 0.403892 0.390985 0.182783 0.339623
1 0.743514 0.377358 0.126179 0.329140
1 0.268278 0.273585 0.086085 0.138365
2 0.866156 0.380503 0.114387 0.373166
2 0.162146 0.258910 0.069575 0.092243
3 0.962264 0.404612 0.075472 0.312369
0 0.561910 0.588050 0.104953 0.331237
0 0.446344 0.581761 0.109670 0.318658
1 0.678066 0.618449 0.127358 0.345912
1 0.337264 0.660377 0.091981 0.199161
2 0.794811 0.620545 0.108491 0.396226
3 0.893868 0.675052 0.089623 0.220126
4 0.968750 0.665618 0.062500 0.205451