0 0.593160 0.320755 0.176887 0.348008
0 0.410967 0.327044 0.180425 0.327044
1 0.740566 0.309224 0.117925 0.316562
1 0.261792 0.314465 0.117925 0.297694
2 0.852594 0.317610 0.103774 0.366876
2 0.156250 0.356394 0.093160 0.348008
3 0.936321 0.354298 0.063679 0.297694
3 0.079009 0.389937 0.056604 0.268344
4 0.973467 0.396226 0.050708 0.238994
4 0.030071 0.417191 0.036557 0.234801
0 0.598467 0.786164 0.109670 0.297694
0 0.486439 0.780922 0.109670 0.287212
1 0.378538 0.805031 0.110849 0.327044
2 0.818986 0.786164 0.107311 0.373166
2 0.270047 0.810273 0.101415 0.366876
3 0.905660 0.773585 0.094340 0.297694
3 0.183962 0.813417 0.094340 0.310273
4 0.962854 0.779874 0.074292 0.259958
4 0.121462 0.814465 0.082547 0.232704
5 0.054245 0.812369 0.106132 0.194969
6 0.044811 0.701258 0.087264 0.081761
7 0.024175 0.653040 0.041274 0.060797