0 0.560142 0.421384 0.181604 0.364780
0 0.380307 0.390985 0.170991 0.278826
1 0.712854 0.405660 0.123821 0.333333
2 0.834316 0.408805 0.116745 0.373166
3 0.931014 0.421384 0.076651 0.314465
4 0.985259 0.467505 0.029481 0.255765
1 0.652123 0.636268 0.125000 0.341719
2 0.767099 0.649895 0.104953 0.415094
3 0.864976 0.700210 0.090802 0.205451
4 0.933962 0.682390 0.075472 0.203354
5 0.985849 0.657233 0.028302 0.119497
1 0.235259 0.280922 0.076651 0.083857
2 0.133844 0.299790 0.057783 0.121593
0 0.533608 0.688679 0.093160 0.174004