0 0.586675 0.389937 0.185142 0.366876
0 0.406840 0.392034 0.174528 0.341719
1 0.740566 0.379455 0.122642 0.329140
1 0.266509 0.281971 0.089623 0.129979
2 0.862028 0.388889 0.117925 0.368973
2 0.162146 0.259958 0.069575 0.098532
3 0.960495 0.406709 0.079009 0.316562
0 0.558962 0.590147 0.101415 0.343816
0 0.450472 0.578616 0.110849 0.324948
1 0.675708 0.604822 0.132075 0.343816
1 0.340802 0.657233 0.099057 0.184486
2 0.794811 0.617400 0.108491 0.406709
3 0.892689 0.682390 0.087264 0.218029
4 0.967571 0.662474 0.064858 0.194969