0 0.582547 0.390985 0.172170 0.320755
0 0.412146 0.393082 0.163915 0.316562
1 0.727005 0.364780 0.116745 0.306080
1 0.278302 0.367925 0.096698 0.291405
2 0.837264 0.365828 0.103774 0.333333
2 0.189858 0.402516 0.080189 0.318658
3 0.926887 0.392034 0.070755 0.264151
3 0.125590 0.428721 0.048349 0.249476
4 0.980542 0.424528 0.038915 0.224319
4 0.087264 0.436059 0.025943 0.209644
5 0.064269 0.409853 0.022406 0.127883
0 0.567217 0.762055 0.115566 0.274633
0 0.459316 0.765199 0.100236 0.280922
1 0.680425 0.770440 0.108491 0.295597
1 0.360849 0.774633 0.094340 0.299790
2 0.783019 0.769392 0.099057 0.373166
2 0.265330 0.779874 0.096698 0.360587
3 0.870283 0.763103 0.089623 0.310273
3 0.193396 0.761006 0.080189 0.255765
4 0.937500 0.746331 0.082547 0.226415
4 0.144458 0.761006 0.069575 0.213836
5 0.973467 0.697065 0.048349 0.140461
5 0.092571 0.757862 0.083726 0.169811