0 0.576061 0.395178 0.170991 0.312369
0 0.405660 0.402516 0.167453 0.310273
1 0.719929 0.373166 0.116745 0.301887
1 0.270637 0.377358 0.100236 0.276730
2 0.830778 0.368973 0.104953 0.343816
2 0.179245 0.408805 0.075472 0.331237
3 0.920991 0.401468 0.073113 0.262055
3 0.119693 0.427673 0.045991 0.259958
4 0.976415 0.443396 0.037736 0.199161
4 0.081368 0.448637 0.025943 0.218029
5 0.059552 0.444444 0.017689 0.176101
0 0.561910 0.680294 0.112028 0.274633
0 0.452241 0.677149 0.104953 0.264151
1 0.672170 0.684486 0.108491 0.287212
1 0.351415 0.700210 0.094340 0.285115
2 0.778892 0.689727 0.102594 0.356394
2 0.255307 0.708595 0.093160 0.348008
3 0.865566 0.686583 0.084906 0.287212
3 0.188090 0.693920 0.083726 0.255765
4 0.929245 0.686583 0.082547 0.241090
4 0.139151 0.699161 0.070755 0.207547
5 0.976415 0.664570 0.047170 0.163522
5 0.082547 0.693920 0.091981 0.159329