0 0.594340 0.321803 0.179245 0.350105
0 0.413915 0.320755 0.176887 0.339623
1 0.743514 0.303983 0.121462 0.322851
1 0.265330 0.311321 0.117925 0.295597
2 0.856132 0.318658 0.099057 0.360587
2 0.159788 0.350105 0.093160 0.335430
3 0.938090 0.339623 0.062500 0.301887
3 0.081368 0.383648 0.054245 0.276730
4 0.973467 0.388889 0.048349 0.253669
4 0.031840 0.405660 0.040094 0.241090
0 0.606132 0.783019 0.117925 0.299790
0 0.491156 0.784067 0.112028 0.289308
1 0.379717 0.797694 0.115566 0.320755
2 0.272406 0.812369 0.101415 0.375262
2 0.825472 0.794549 0.103774 0.389937
3 0.906840 0.770440 0.094340 0.291405
3 0.186910 0.813417 0.097877 0.310273
4 0.963443 0.788260 0.073113 0.293501
4 0.122052 0.808176 0.086085 0.236897
5 0.051887 0.813417 0.103774 0.201258
6 0.043042 0.706499 0.086084 0.104822
7 0.025943 0.649895 0.051886 0.067086