0 0.556014 0.417191 0.185142 0.352201
0 0.375590 0.410901 0.170991 0.327044
1 0.710495 0.401468 0.121462 0.324948
2 0.832547 0.404612 0.115566 0.373166
3 0.929835 0.422432 0.076651 0.308176
4 0.983491 0.455975 0.033018 0.249476
1 0.647995 0.637317 0.116745 0.327044
2 0.761792 0.653040 0.108491 0.396226
3 0.863208 0.692872 0.091981 0.203354
4 0.937500 0.675052 0.077830 0.205451
5 0.987028 0.639413 0.025943 0.121593
1 0.239976 0.357442 0.093160 0.241090
2 0.133844 0.318658 0.081368 0.155136
3 0.068396 0.354298 0.042453 0.138365
0 0.525943 0.681342 0.127358 0.180294