0 0.584316 0.393082 0.173349 0.354298
0 0.413915 0.416143 0.162736 0.329140
1 0.726415 0.359539 0.113208 0.341719
1 0.276533 0.403564 0.112028 0.308176
2 0.829599 0.355346 0.088443 0.358491
2 0.173349 0.443396 0.084906 0.358491
3 0.905071 0.368973 0.064858 0.289308
3 0.100236 0.462264 0.058962 0.278826
4 0.953420 0.400419 0.027123 0.230608
4 0.053656 0.486373 0.031840 0.226415
5 0.977594 0.393082 0.018868 0.215933
5 0.020047 0.479036 0.033019 0.207547
6 0.992925 0.376310 0.014150 0.144654
0 0.576651 0.801887 0.113208 0.295597
0 0.468750 0.801887 0.104953 0.295597
1 0.685731 0.798742 0.107311 0.293501
1 0.367335 0.822851 0.100236 0.312369
2 0.790094 0.784067 0.099057 0.368973
2 0.268868 0.829140 0.094340 0.341719
3 0.865566 0.770440 0.091981 0.308176
3 0.188679 0.836478 0.094340 0.297694
4 0.922170 0.752621 0.080189 0.247379
4 0.130896 0.821803 0.075472 0.218029
5 0.969929 0.720126 0.060142 0.178197
5 0.065448 0.827044 0.093160 0.186583
6 0.964623 0.598532 0.070754 0.064990
6 0.043632 0.738994 0.087264 0.161426
7 0.984080 0.560797 0.031840 0.056604
7 0.027712 0.674004 0.053066 0.077568