0 0.580189 0.402516 0.169811 0.348008
0 0.412736 0.414046 0.165094 0.337526
1 0.722877 0.367925 0.113208 0.324948
1 0.275354 0.411950 0.109670 0.291405
2 0.824882 0.355346 0.088443 0.366876
2 0.173349 0.445493 0.091981 0.345912
3 0.898585 0.376310 0.061321 0.283019
3 0.097877 0.465409 0.054245 0.268344
4 0.946344 0.397275 0.031840 0.245283
4 0.051887 0.487421 0.037736 0.236897
5 0.973467 0.387841 0.024764 0.226415
5 0.017099 0.477987 0.029481 0.209644
6 0.992335 0.371069 0.015330 0.155136
0 0.574292 0.805031 0.108491 0.293501
0 0.466392 0.808176 0.104953 0.291405
1 0.683373 0.801887 0.112028 0.291405
1 0.363797 0.825996 0.102594 0.314465
2 0.787736 0.790356 0.094340 0.381551
2 0.263561 0.832285 0.095519 0.335430
3 0.862618 0.775681 0.093160 0.314465
3 0.186910 0.837526 0.088443 0.295597
4 0.921580 0.756813 0.079009 0.247379
4 0.127358 0.830189 0.077830 0.226415
5 0.969340 0.718029 0.061320 0.174004
5 0.061321 0.828092 0.094340 0.184486
6 0.964033 0.602725 0.071934 0.060797
6 0.044811 0.742138 0.089622 0.150943
7 0.983491 0.552411 0.033018 0.039832
7 0.028302 0.675052 0.054245 0.071279