0 0.576061 0.400419 0.170991 0.331237
0 0.404481 0.401468 0.165094 0.324948
1 0.718160 0.382600 0.113208 0.308176
1 0.271226 0.382600 0.099057 0.291405
2 0.830189 0.380503 0.106132 0.337526
2 0.180425 0.420335 0.082547 0.329140
3 0.918632 0.410901 0.073113 0.259958
3 0.116745 0.441300 0.042453 0.249476
4 0.972288 0.446541 0.038915 0.209644
4 0.082547 0.452830 0.023585 0.222222
5 0.061321 0.441300 0.018868 0.169811
0 0.558962 0.784067 0.113208 0.289308
0 0.448113 0.781971 0.103774 0.280922
1 0.668632 0.784067 0.106132 0.297694
1 0.347877 0.789308 0.096698 0.291405
2 0.772995 0.786164 0.104953 0.373166
2 0.253538 0.792453 0.089623 0.352201
3 0.860259 0.780922 0.095519 0.308176
3 0.185731 0.776730 0.081368 0.253669
4 0.928066 0.755765 0.082547 0.224319
4 0.136203 0.785115 0.067217 0.220126
5 0.974057 0.740042 0.051886 0.180294
5 0.084906 0.772537 0.087264 0.174004