0 0.581368 0.400419 0.169811 0.350105
0 0.410967 0.412998 0.170991 0.333333
1 0.722877 0.365828 0.113208 0.318658
1 0.271226 0.400419 0.108491 0.303983
2 0.827241 0.353249 0.093160 0.356394
2 0.170401 0.440252 0.088443 0.354298
3 0.904481 0.362683 0.061321 0.287212
3 0.099057 0.465409 0.056604 0.270440
4 0.946934 0.394130 0.030660 0.241090
4 0.052476 0.485325 0.038915 0.222222
5 0.973467 0.394130 0.020047 0.220126
5 0.016509 0.482180 0.033018 0.174004
6 0.991745 0.380503 0.016509 0.155136
0 0.577241 0.814465 0.109670 0.297694
0 0.468750 0.816562 0.107311 0.289308
1 0.686321 0.805031 0.108491 0.295597
1 0.366745 0.833333 0.101415 0.301887
2 0.790684 0.790356 0.100236 0.375262
2 0.268278 0.830189 0.095519 0.329140
3 0.864387 0.774633 0.091981 0.301887
3 0.188090 0.842767 0.090802 0.299790
4 0.921580 0.755765 0.079009 0.230608
4 0.128538 0.836478 0.077830 0.224319
5 0.971698 0.734801 0.056604 0.176101
5 0.064269 0.835430 0.093160 0.184486
6 0.964623 0.609015 0.070754 0.071279
6 0.047170 0.743187 0.094340 0.146751
7 0.981132 0.557652 0.037736 0.039832
7 0.031250 0.682390 0.057783 0.075472