0 0.586085 0.387841 0.176887 0.327044
0 0.416863 0.388889 0.159198 0.316562
1 0.731132 0.364780 0.113208 0.301887
1 0.284198 0.366876 0.101415 0.285115
2 0.841981 0.368973 0.106132 0.343816
2 0.189858 0.402516 0.084906 0.327044
3 0.930425 0.397275 0.068396 0.270440
3 0.125590 0.419287 0.041274 0.259958
4 0.983491 0.428721 0.033018 0.228512
4 0.091392 0.441300 0.029481 0.215933
0 0.564269 0.574423 0.107311 0.272537
0 0.459316 0.578616 0.100236 0.285115
1 0.673939 0.593291 0.114387 0.259958
1 0.357901 0.588050 0.100236 0.274633
2 0.780071 0.593291 0.100236 0.373166
2 0.260024 0.626834 0.093160 0.293501
3 0.872642 0.635220 0.084906 0.188679
3 0.181604 0.645702 0.066038 0.155136
4 0.946934 0.628931 0.063679 0.192872
4 0.123821 0.634172 0.054245 0.161426
5 0.071344 0.627883 0.053066 0.140461