0 0.572524 0.437107 0.173349 0.339623
0 0.401533 0.444444 0.166274 0.345912
1 0.716392 0.406709 0.114387 0.324948
1 0.263561 0.433962 0.104953 0.299790
2 0.823113 0.389937 0.099057 0.354298
2 0.169222 0.461216 0.083726 0.341719
3 0.904481 0.406709 0.063679 0.287212
3 0.101415 0.484277 0.049528 0.278826
4 0.954599 0.433962 0.038915 0.228512
4 0.058962 0.497904 0.033019 0.234801
5 0.987618 0.412998 0.024764 0.186583
5 0.029481 0.470650 0.025943 0.180294
0 0.547170 0.607966 0.103774 0.316562
0 0.445755 0.603774 0.099057 0.312369
1 0.657429 0.640461 0.116745 0.268344
1 0.343750 0.648847 0.104953 0.285115
2 0.762972 0.625786 0.091981 0.364780
2 0.244104 0.713836 0.096698 0.280922
3 0.852005 0.662474 0.086085 0.199161
3 0.160967 0.722222 0.067217 0.180294
4 0.918632 0.651992 0.063679 0.190776
4 0.102594 0.701258 0.049528 0.159329
5 0.973467 0.624738 0.053066 0.153040
5 0.047170 0.688679 0.063679 0.138365