0 0.593750 0.318658 0.180425 0.343816
0 0.412146 0.318658 0.182783 0.327044
1 0.740566 0.299790 0.117925 0.322851
1 0.261203 0.306080 0.116745 0.301887
2 0.850236 0.310273 0.101415 0.368973
2 0.154481 0.346960 0.091981 0.354298
3 0.933962 0.344864 0.066038 0.299790
3 0.077830 0.379455 0.061321 0.289308
4 0.972877 0.388889 0.047170 0.257862
4 0.027712 0.405660 0.036557 0.241090
0 0.599646 0.775681 0.107311 0.285115
0 0.488797 0.778826 0.116745 0.295597
1 0.376179 0.799790 0.106132 0.324948
2 0.269458 0.809224 0.104953 0.377358
2 0.830189 0.778826 0.084906 0.379455
3 0.905660 0.772537 0.096698 0.320755
3 0.181604 0.807128 0.101415 0.322851
4 0.961675 0.771488 0.076650 0.280922
4 0.116745 0.811321 0.084906 0.247379
5 0.053066 0.802935 0.106132 0.201258
6 0.043042 0.709644 0.083726 0.115304
7 0.022995 0.642558 0.038915 0.048218