0 0.599646 0.329140 0.178066 0.352201
0 0.417453 0.335430 0.179245 0.327044
1 0.748821 0.315514 0.117925 0.324948
1 0.267689 0.314465 0.115566 0.301887
2 0.856722 0.325996 0.100236 0.362683
2 0.160967 0.357442 0.093160 0.358491
3 0.941038 0.351153 0.068396 0.308176
3 0.084316 0.389937 0.057783 0.285115
4 0.976415 0.400419 0.047170 0.247379
4 0.034788 0.416143 0.043632 0.236897
0 0.492925 0.794549 0.113208 0.285115
0 0.606132 0.772537 0.113208 0.245283
1 0.718750 0.807128 0.114387 0.314465
1 0.382665 0.811321 0.104953 0.314465
2 0.827241 0.806080 0.100236 0.387840
2 0.277123 0.816562 0.106132 0.362683
3 0.908608 0.796646 0.100236 0.322851
3 0.191038 0.829140 0.099057 0.320755
4 0.963443 0.792453 0.073113 0.272537
4 0.122642 0.823899 0.084906 0.247379
5 0.056014 0.828092 0.104953 0.192872
6 0.050708 0.719078 0.101415 0.104822
7 0.027123 0.666667 0.049528 0.046122