0 0.571344 0.399371 0.175708 0.335430
0 0.396226 0.397275 0.169811 0.318658
1 0.721108 0.381551 0.116745 0.316562
1 0.258255 0.377358 0.101415 0.295597
2 0.836675 0.385744 0.107311 0.350105
2 0.165684 0.401468 0.083726 0.327044
3 0.928656 0.397275 0.071934 0.301887
3 0.100236 0.419287 0.044811 0.274633
4 0.983491 0.444444 0.030660 0.224319
4 0.061321 0.450734 0.028302 0.211740
0 0.548349 0.584906 0.096698 0.283019
0 0.439858 0.576520 0.094340 0.299790
1 0.656250 0.610063 0.114387 0.324948
1 0.334906 0.597484 0.103774 0.295597
2 0.767689 0.612159 0.106132 0.383648
2 0.231132 0.659329 0.103774 0.310273
3 0.862028 0.627883 0.091981 0.268344
3 0.156840 0.641509 0.075472 0.249476
4 0.935142 0.619497 0.063679 0.243187
4 0.103184 0.633124 0.045991 0.169811
5 0.985259 0.612159 0.029481 0.174004
5 0.045401 0.628407 0.062500 0.141509
5 0.030660 0.477987 0.033019 0.060797
6 0.021226 0.595388 0.042452 0.134172