0 0.583726 0.404612 0.172170 0.343816
0 0.413325 0.414046 0.166274 0.337526
1 0.721108 0.368973 0.104953 0.322851
1 0.272995 0.406709 0.114387 0.301887
2 0.822524 0.353249 0.095519 0.358491
2 0.170991 0.435010 0.089623 0.350105
3 0.900354 0.359539 0.057783 0.303983
3 0.096698 0.468553 0.058962 0.270440
4 0.946934 0.390985 0.033019 0.249476
4 0.050118 0.477987 0.036557 0.251572
5 0.975825 0.388889 0.022406 0.220126
5 0.017689 0.475891 0.030660 0.218029
6 0.993514 0.374214 0.012972 0.157233
0 0.576061 0.802935 0.112028 0.289308
0 0.465802 0.799790 0.106132 0.295597
1 0.684552 0.797694 0.107311 0.295597
1 0.362028 0.830189 0.099057 0.322851
2 0.785967 0.780922 0.097877 0.371069
2 0.264741 0.825996 0.095519 0.335430
3 0.864387 0.770440 0.089623 0.316562
3 0.183373 0.824948 0.086085 0.270440
4 0.919222 0.750524 0.081368 0.243187
4 0.124410 0.822851 0.076651 0.220126
5 0.967571 0.721174 0.064858 0.188679
5 0.059552 0.828092 0.095519 0.188679
6 0.962264 0.599581 0.075472 0.054507
6 0.043042 0.732704 0.083726 0.140461
7 0.980542 0.557652 0.038915 0.050314
7 0.027123 0.671908 0.051887 0.060797