0 0.593750 0.392034 0.170991 0.324948
0 0.422170 0.385744 0.165094 0.316562
1 0.737028 0.363732 0.113208 0.318658
1 0.287736 0.372117 0.103774 0.276730
2 0.845519 0.365828 0.101415 0.339623
2 0.196344 0.405660 0.079009 0.331237
3 0.931604 0.396226 0.070755 0.270440
3 0.135613 0.428721 0.044811 0.247379
4 0.982901 0.416143 0.031840 0.230608
4 0.093160 0.446541 0.030660 0.203354
0 0.561910 0.544025 0.102594 0.310273
0 0.459906 0.541929 0.099057 0.301887
1 0.673939 0.573375 0.123821 0.301887
1 0.362618 0.573375 0.097877 0.285115
2 0.786557 0.574423 0.101415 0.383648
2 0.272406 0.607966 0.082547 0.257862
3 0.879127 0.635220 0.081368 0.207547
3 0.192807 0.639413 0.076651 0.140461
4 0.951061 0.622642 0.062500 0.182390
4 0.132075 0.639413 0.047170 0.165618
5 0.078420 0.627883 0.053066 0.109015
6 0.056604 0.583857 0.047170 0.062893