0 0.583137 0.393082 0.182783 0.362683
0 0.399764 0.387841 0.176887 0.348008
1 0.741156 0.384696 0.123821 0.324948
1 0.262382 0.318658 0.090802 0.209644
2 0.861439 0.382600 0.119104 0.383648
2 0.157429 0.273585 0.069575 0.098532
3 0.959316 0.405660 0.081368 0.316562
0 0.557783 0.595388 0.110849 0.310273
0 0.443986 0.588050 0.114387 0.308176
1 0.675118 0.626834 0.121462 0.310273
1 0.334906 0.658281 0.094340 0.184486
2 0.788325 0.628931 0.104953 0.415094
3 0.887382 0.682390 0.090802 0.215933
4 0.966981 0.664570 0.066038 0.197065