0 0.610849 0.409853 0.167453 0.329140
0 0.441038 0.418239 0.169811 0.341719
1 0.751769 0.376310 0.109670 0.316562
1 0.301297 0.415094 0.112028 0.301887
2 0.853774 0.358491 0.091981 0.356394
2 0.197524 0.449686 0.090802 0.345912
3 0.926887 0.375262 0.058962 0.285115
3 0.122052 0.473795 0.055425 0.268344
4 0.969929 0.406709 0.031840 0.234801
4 0.074292 0.487421 0.037736 0.232704
5 0.992335 0.400419 0.015330 0.205451
5 0.037146 0.484277 0.034198 0.205451
0 0.604953 0.818658 0.115566 0.295597
0 0.494693 0.821803 0.102594 0.280922
1 0.712854 0.812369 0.104953 0.295597
1 0.392689 0.840671 0.101415 0.301887
2 0.813679 0.795597 0.099057 0.354298
2 0.297170 0.842767 0.091981 0.314465
3 0.890330 0.775681 0.091981 0.285115
3 0.216392 0.841719 0.083726 0.270440
4 0.948703 0.759958 0.083726 0.224319
4 0.153302 0.840671 0.073113 0.222222
5 0.980542 0.713836 0.038915 0.136268
5 0.086085 0.840671 0.096698 0.180294
6 0.972877 0.615304 0.054245 0.069182
6 0.062500 0.755765 0.110849 0.140461
7 0.050708 0.685535 0.058962 0.071279