0 0.596108 0.385744 0.182783 0.371069
0 0.414505 0.385744 0.173349 0.345912
1 0.750590 0.378407 0.121462 0.339623
1 0.271816 0.264151 0.081368 0.106918
2 0.872052 0.385744 0.114387 0.379455
3 0.965802 0.407757 0.068396 0.318658
0 0.572524 0.577568 0.107311 0.335430
0 0.458726 0.577568 0.106132 0.327044
1 0.688090 0.607966 0.116745 0.320755
1 0.349057 0.659329 0.103774 0.205451
2 0.801887 0.616352 0.113208 0.404612
3 0.900943 0.681342 0.087264 0.215933
4 0.972877 0.669811 0.054245 0.209644
2 0.165684 0.252621 0.057783 0.092243