0 0.581368 0.389937 0.169811 0.318658
0 0.410967 0.387841 0.168632 0.322851
1 0.724646 0.368973 0.116745 0.310273
1 0.275943 0.367925 0.099057 0.295597
2 0.837264 0.367925 0.106132 0.337526
2 0.185731 0.399371 0.079009 0.333333
3 0.923939 0.396226 0.064858 0.268344
3 0.123231 0.425577 0.043632 0.255765
4 0.977594 0.429769 0.040094 0.222222
4 0.085495 0.445493 0.027123 0.215933
5 0.058962 0.417191 0.018868 0.163522
0 0.568396 0.699161 0.108491 0.287212
0 0.461085 0.694969 0.103774 0.287212
1 0.679245 0.702306 0.110849 0.297694
1 0.360259 0.707547 0.097877 0.303983
2 0.783608 0.702306 0.097877 0.360587
2 0.266509 0.711740 0.089623 0.345912
3 0.869104 0.699161 0.096698 0.303983
3 0.194575 0.711740 0.084906 0.262055
4 0.937500 0.690776 0.082547 0.232704
4 0.146226 0.708595 0.066038 0.209644
5 0.978774 0.643606 0.042452 0.129979
5 0.091392 0.699161 0.090802 0.161426