0 0.591392 0.390985 0.163915 0.314465
0 0.423939 0.389937 0.166274 0.320755
1 0.734080 0.361635 0.119104 0.310273
1 0.286557 0.371069 0.101415 0.287212
2 0.842571 0.365828 0.097877 0.339623
2 0.195755 0.393082 0.080189 0.310273
3 0.931604 0.400419 0.075472 0.262055
3 0.132075 0.426625 0.044811 0.230608
4 0.983491 0.427673 0.033018 0.224319
4 0.093160 0.448637 0.030660 0.186583
0 0.564269 0.546122 0.102594 0.297694
1 0.678656 0.559748 0.123821 0.312369
2 0.790684 0.568134 0.100236 0.396226
3 0.879717 0.636268 0.080189 0.205451
4 0.948703 0.619497 0.057783 0.176101