0 0.586085 0.324948 0.181604 0.343816
0 0.405660 0.325996 0.179245 0.324948
1 0.736439 0.302935 0.121462 0.329140
1 0.257665 0.307128 0.112028 0.299790
2 0.849057 0.316562 0.099057 0.356394
2 0.151533 0.353249 0.095519 0.345912
3 0.929835 0.345912 0.064858 0.297694
3 0.072524 0.387841 0.057783 0.264151
4 0.969340 0.397275 0.051887 0.236897
4 0.023585 0.410901 0.035377 0.243187
0 0.597877 0.779874 0.115566 0.293501
0 0.483491 0.776730 0.108491 0.287212
1 0.707547 0.781971 0.103774 0.314465
1 0.373821 0.791405 0.106132 0.308176
2 0.264741 0.803983 0.107311 0.379455
2 0.825472 0.752621 0.084906 0.314465
3 0.180425 0.807128 0.091981 0.306080
3 0.901533 0.751572 0.095519 0.283019
4 0.962264 0.770440 0.075472 0.274633
4 0.119104 0.798742 0.084906 0.222222
5 0.050118 0.801887 0.100236 0.199161
6 0.041863 0.706499 0.083726 0.113208
7 0.021816 0.648847 0.034198 0.052411