0 0.573113 0.400419 0.174528 0.341719
0 0.396816 0.394130 0.168632 0.333333
1 0.722288 0.381551 0.114387 0.312369
1 0.258844 0.377358 0.107311 0.291405
2 0.839623 0.381551 0.113208 0.350105
2 0.169222 0.405660 0.083726 0.335430
3 0.930425 0.397275 0.073113 0.301887
3 0.103774 0.422432 0.047170 0.264151
4 0.979363 0.444444 0.038915 0.236897
4 0.063679 0.440252 0.033019 0.220126
0 0.545991 0.576520 0.094340 0.291405
0 0.441038 0.572327 0.099057 0.287212
1 0.660967 0.587002 0.114387 0.324948
1 0.335495 0.590147 0.097877 0.314465
2 0.770047 0.610063 0.103774 0.371069
2 0.232311 0.656184 0.103774 0.316562
3 0.864976 0.625786 0.090802 0.264151
3 0.157429 0.641509 0.071934 0.245283
4 0.936321 0.633124 0.061321 0.228512
4 0.100236 0.629979 0.037736 0.163522
5 0.983491 0.623690 0.033018 0.117400
5 0.045991 0.617925 0.068396 0.154088
5 0.037146 0.477987 0.020047 0.056604
6 0.022995 0.592243 0.043632 0.132075