6 0.058373 0.571279 0.038915 0.079665
5 0.083137 0.601677 0.050708 0.060797
0 0.590802 0.388889 0.169811 0.322851
0 0.423349 0.389937 0.165094 0.320755
1 0.735849 0.372117 0.115566 0.301887
1 0.287736 0.375262 0.101415 0.278826
2 0.845519 0.371069 0.103774 0.337526
2 0.194575 0.402516 0.082547 0.324948
3 0.935731 0.409853 0.074292 0.259958
3 0.132075 0.433962 0.037736 0.245283
4 0.986439 0.430818 0.027122 0.230608
4 0.096108 0.451782 0.031840 0.209644
0 0.567217 0.575472 0.106132 0.272537
0 0.464033 0.568134 0.100236 0.262055
1 0.679835 0.591195 0.114387 0.287212
1 0.364387 0.550314 0.096698 0.230608
2 0.787736 0.583857 0.099057 0.364780
2 0.277123 0.555556 0.080189 0.199161
3 0.880307 0.635220 0.083726 0.215933
4 0.949882 0.628931 0.057783 0.178197