0 0.594340 0.395178 0.169811 0.320755
0 0.423939 0.405660 0.168632 0.320755
1 0.738797 0.376310 0.116745 0.308176
1 0.290094 0.376310 0.099057 0.295597
2 0.850236 0.378407 0.103774 0.345912
2 0.199882 0.410901 0.079009 0.327044
3 0.938679 0.402516 0.073113 0.259958
3 0.134434 0.433962 0.047170 0.251572
4 0.985849 0.440252 0.028302 0.218029
4 0.097288 0.448637 0.024764 0.218029
5 0.076061 0.418239 0.020047 0.157233
0 0.575472 0.781971 0.110849 0.289308
0 0.466981 0.774633 0.103774 0.283019
1 0.687500 0.785115 0.110849 0.287212
1 0.368514 0.786164 0.097877 0.306080
2 0.794222 0.785115 0.100236 0.366876
2 0.270047 0.786164 0.096698 0.343816
3 0.878538 0.770440 0.091981 0.308176
3 0.202241 0.780922 0.086085 0.257862
4 0.945165 0.764151 0.079009 0.241090
4 0.152712 0.777778 0.071934 0.218029
5 0.979953 0.708595 0.040094 0.150943
5 0.098467 0.769392 0.086085 0.171908