0 0.572524 0.390985 0.175708 0.350105
0 0.395637 0.392034 0.170991 0.331237
1 0.722288 0.377358 0.116745 0.314465
1 0.258844 0.374214 0.104953 0.299790
2 0.838443 0.378407 0.110849 0.358491
2 0.165684 0.399371 0.088443 0.337526
3 0.928656 0.399371 0.074292 0.278826
3 0.096698 0.417191 0.042453 0.259958
4 0.982901 0.464361 0.034198 0.199161
4 0.062500 0.440252 0.025943 0.218029
5 0.037146 0.477987 0.017689 0.058700
0 0.545991 0.587002 0.101415 0.310273
0 0.440448 0.581761 0.095519 0.299790
1 0.659788 0.611111 0.109670 0.287212
1 0.337264 0.582809 0.099057 0.318658
2 0.771226 0.603774 0.108491 0.389937
2 0.229953 0.651992 0.110849 0.306080
3 0.864976 0.644654 0.083726 0.249476
3 0.153302 0.659329 0.063679 0.182390
4 0.938090 0.635220 0.067217 0.197065
4 0.098467 0.638365 0.038915 0.169811
5 0.987618 0.624738 0.024764 0.109015
5 0.045401 0.626834 0.057783 0.146751
6 0.018868 0.600629 0.037736 0.136268