0 0.597877 0.379167 0.179245 0.397917
0 0.419222 0.388542 0.178066 0.400000
1 0.734670 0.369792 0.091981 0.287500
1 0.281840 0.410417 0.096698 0.268750
2 0.824292 0.375000 0.089623 0.272917
2 0.188679 0.409375 0.099057 0.291667
3 0.896816 0.388542 0.057783 0.183333
3 0.136792 0.467708 0.066038 0.179167
4 0.946344 0.380208 0.041274 0.183333
4 0.089033 0.459375 0.031840 0.162500
5 0.978184 0.340625 0.017689 0.108333
0 0.563679 0.678125 0.113208 0.275000
0 0.449292 0.679167 0.113208 0.281250
1 0.674528 0.659375 0.106132 0.308333
1 0.341981 0.669792 0.099057 0.291667
2 0.780660 0.613542 0.103774 0.250000
2 0.248821 0.658333 0.087264 0.272917
3 0.853774 0.547917 0.091981 0.168750
3 0.188090 0.618750 0.083726 0.156250
4 0.915094 0.539583 0.066038 0.118750
4 0.129127 0.616667 0.041274 0.127083