0 0.582547 0.394130 0.188679 0.356394
0 0.400943 0.394130 0.179245 0.343816
1 0.740566 0.382600 0.125000 0.337526
1 0.263561 0.331237 0.095519 0.222222
2 0.863208 0.393082 0.113208 0.371069
2 0.156840 0.269392 0.073113 0.106918
3 0.957547 0.408805 0.075472 0.314465
0 0.555425 0.598532 0.103774 0.320755
0 0.445165 0.587002 0.107311 0.306080
1 0.671580 0.620545 0.126179 0.314465
1 0.339033 0.661426 0.093160 0.190776
2 0.788325 0.632075 0.104953 0.387841
3 0.886792 0.680294 0.094340 0.207547
4 0.966392 0.667715 0.067216 0.194969