0 0.586085 0.388889 0.172170 0.341719
0 0.415094 0.394130 0.169811 0.335430
1 0.726415 0.352201 0.103774 0.327044
1 0.275354 0.395178 0.107311 0.291405
2 0.826651 0.339623 0.096698 0.368973
2 0.178066 0.436059 0.091981 0.339623
3 0.905660 0.357442 0.061321 0.287212
3 0.102594 0.464361 0.058962 0.253669
4 0.949882 0.383648 0.024764 0.238994
4 0.054245 0.473795 0.037736 0.218029
5 0.977594 0.370021 0.025943 0.224319
5 0.019458 0.470650 0.031840 0.190776
6 0.995283 0.366876 0.009434 0.146751
0 0.591392 0.805031 0.109670 0.276730
0 0.483491 0.812369 0.106132 0.274633
1 0.702241 0.800839 0.112028 0.293501
1 0.383255 0.833333 0.101415 0.303983
2 0.804835 0.774633 0.093160 0.345912
2 0.283019 0.834382 0.096698 0.322851
3 0.876769 0.759958 0.093160 0.283019
3 0.202241 0.837526 0.088443 0.278826
4 0.935142 0.751572 0.073113 0.228512
4 0.139741 0.834382 0.074292 0.226415
5 0.976415 0.720126 0.047170 0.174004
5 0.074292 0.834382 0.091981 0.184486
6 0.968160 0.602725 0.058962 0.077568
6 0.053066 0.745283 0.106132 0.148847
7 0.983491 0.548218 0.033018 0.044025
7 0.034198 0.672956 0.068396 0.071279