0 0.583726 0.396226 0.181604 0.356394
0 0.399175 0.389937 0.182783 0.352201
1 0.738208 0.383648 0.122642 0.331237
1 0.260613 0.322851 0.089623 0.201258
2 0.857901 0.394130 0.119104 0.377358
2 0.155660 0.271488 0.075472 0.090147
3 0.957547 0.412998 0.075472 0.314465
0 0.556604 0.600629 0.103774 0.316562
0 0.446344 0.591195 0.109670 0.297694
1 0.670991 0.632075 0.122642 0.299790
1 0.335495 0.659329 0.102594 0.182390
2 0.790094 0.627883 0.110849 0.404612
3 0.889151 0.681342 0.087264 0.201258
4 0.966981 0.664570 0.066038 0.188679