0 0.596698 0.320755 0.174528 0.354298
0 0.415094 0.321803 0.179245 0.352201
1 0.744693 0.309224 0.121462 0.327044
1 0.266509 0.312369 0.117925 0.299790
2 0.855542 0.317610 0.102594 0.364780
2 0.160377 0.350105 0.094340 0.362683
3 0.939269 0.340671 0.062500 0.314465
3 0.083137 0.383648 0.055425 0.278826
4 0.978774 0.399371 0.042452 0.255765
4 0.034788 0.415094 0.038915 0.241090
1 0.719340 0.802935 0.106132 0.324948
1 0.383844 0.809224 0.112028 0.320755
0 0.500000 0.795597 0.113208 0.318658
2 0.826651 0.797694 0.103774 0.389937
2 0.277123 0.818134 0.103774 0.363732
3 0.908608 0.765199 0.097877 0.274633
3 0.189269 0.822851 0.095519 0.322851
4 0.964623 0.789308 0.070754 0.280922
4 0.122642 0.815514 0.084906 0.236897
5 0.054245 0.824948 0.108490 0.218029
6 0.042453 0.702306 0.084906 0.085954
7 0.025943 0.659329 0.037736 0.054507