0 0.573703 0.436059 0.173349 0.337526
0 0.406250 0.441300 0.161557 0.331237
1 0.716981 0.405660 0.110849 0.318658
1 0.270047 0.431866 0.110849 0.299790
2 0.821934 0.386792 0.096698 0.348008
2 0.173349 0.466457 0.084906 0.327044
3 0.905660 0.411950 0.066038 0.285115
3 0.106132 0.485325 0.051887 0.259958
4 0.955189 0.436059 0.035377 0.220126
4 0.062500 0.497904 0.035377 0.218029
5 0.987028 0.418239 0.025943 0.188679
5 0.031250 0.475891 0.029481 0.186583
0 0.551887 0.616352 0.103774 0.308176
0 0.448703 0.610063 0.104953 0.291405
1 0.659788 0.633124 0.112028 0.266247
1 0.347288 0.648847 0.097877 0.285115
2 0.764741 0.624738 0.097877 0.366876
2 0.248231 0.711740 0.097877 0.276730
3 0.853774 0.663522 0.080189 0.209644
3 0.163325 0.707547 0.069575 0.167715
4 0.920991 0.642558 0.056604 0.176101
4 0.104363 0.690776 0.045991 0.150943
5 0.974057 0.625786 0.051886 0.155136
5 0.047759 0.681342 0.067217 0.144654