0 0.608491 0.415094 0.169811 0.322851
0 0.441627 0.423480 0.166274 0.335430
1 0.748821 0.371069 0.110849 0.327044
1 0.300708 0.412998 0.117925 0.301887
2 0.850825 0.364780 0.090802 0.352201
2 0.193986 0.447589 0.093160 0.350105
3 0.925118 0.377358 0.055425 0.280922
3 0.120283 0.473795 0.051887 0.259958
4 0.965802 0.407757 0.030660 0.236897
4 0.073113 0.488470 0.037736 0.222222
5 0.989976 0.405660 0.020047 0.207547
5 0.035377 0.485325 0.035377 0.207547
0 0.605542 0.819706 0.114387 0.289308
0 0.496462 0.824948 0.101415 0.287212
1 0.714033 0.811321 0.104953 0.293501
1 0.393868 0.842767 0.099057 0.301887
2 0.814269 0.791405 0.095519 0.354298
2 0.294222 0.837526 0.095519 0.324948
3 0.890920 0.773585 0.086085 0.285115
3 0.213443 0.839623 0.082547 0.257862
4 0.944575 0.750524 0.080189 0.218029
4 0.154481 0.841719 0.073113 0.220126
5 0.980542 0.712788 0.038915 0.142558
5 0.086085 0.843816 0.094340 0.186583
6 0.973467 0.606918 0.053066 0.060797
6 0.061910 0.748428 0.112028 0.146751
7 0.049528 0.692872 0.061321 0.081761
7 0.990566 0.563941 0.018868 0.041929