0 0.591981 0.323899 0.179245 0.337526
0 0.410967 0.328092 0.175708 0.329140
1 0.738208 0.307128 0.117925 0.320755
1 0.262382 0.313417 0.116745 0.299790
2 0.850825 0.317610 0.107311 0.362683
2 0.156840 0.360587 0.094340 0.348008
3 0.935731 0.345912 0.060142 0.301887
4 0.972288 0.394130 0.048349 0.243187
3 0.080189 0.389937 0.058962 0.268344
4 0.028892 0.415094 0.038915 0.234801
0 0.599057 0.784067 0.113208 0.301887
0 0.487028 0.779874 0.113208 0.293501
1 0.375590 0.800839 0.112028 0.318658
2 0.267099 0.812369 0.102594 0.375262
2 0.823703 0.791405 0.100236 0.383648
3 0.905660 0.759958 0.094340 0.266247
3 0.182783 0.817610 0.094340 0.318658
4 0.963443 0.774633 0.073113 0.262055
4 0.119104 0.807128 0.077830 0.230608
5 0.053066 0.806080 0.103774 0.190776
6 0.041863 0.704403 0.083726 0.096436
7 0.025354 0.651992 0.045991 0.054507