0 0.591981 0.386792 0.165094 0.327044
0 0.420991 0.392034 0.167453 0.316562
1 0.734080 0.365828 0.114387 0.306080
1 0.288325 0.373166 0.102594 0.291405
2 0.845519 0.370021 0.110849 0.339623
2 0.196344 0.406709 0.079009 0.333333
3 0.935731 0.403564 0.067217 0.264151
3 0.133844 0.422432 0.045991 0.268344
4 0.984080 0.430818 0.031840 0.230608
4 0.096698 0.444444 0.025943 0.211740
0 0.563679 0.552411 0.101415 0.285115
0 0.461085 0.547170 0.094340 0.283019
1 0.674528 0.576520 0.122642 0.295597
1 0.362618 0.553459 0.100236 0.236897
2 0.788325 0.582809 0.102594 0.379455
2 0.274175 0.583857 0.074292 0.188679
3 0.882075 0.637317 0.087264 0.203354
4 0.953420 0.628931 0.055425 0.186583
4 0.133844 0.618449 0.050708 0.123690
5 0.079599 0.616352 0.053066 0.119497
6 0.060731 0.574423 0.045991 0.069182