0 0.590802 0.392034 0.181604 0.375262
0 0.412146 0.389937 0.173349 0.354298
1 0.748231 0.386792 0.130896 0.335430
1 0.270637 0.262055 0.071934 0.085954
2 0.875000 0.393082 0.108491 0.368973
3 0.966392 0.419287 0.067216 0.316562
2 0.166274 0.258910 0.058962 0.083857
0 0.567217 0.582809 0.120283 0.333333
0 0.451651 0.577568 0.101415 0.327044
1 0.686321 0.607966 0.117925 0.350105
1 0.347877 0.660377 0.094340 0.178197
2 0.798349 0.636268 0.108491 0.398323
3 0.899175 0.682390 0.090802 0.213836
4 0.971698 0.668763 0.056604 0.178197