0 0.581958 0.411950 0.170991 0.343816
0 0.413325 0.420335 0.163915 0.339623
1 0.724057 0.372117 0.110849 0.318658
1 0.272995 0.408805 0.114387 0.299790
2 0.826651 0.355346 0.091981 0.364780
2 0.172170 0.450734 0.084906 0.345912
3 0.904481 0.376310 0.063679 0.276730
3 0.100236 0.475891 0.054245 0.262055
4 0.949292 0.398323 0.025943 0.253669
4 0.052476 0.489518 0.038915 0.222222
5 0.974646 0.398323 0.024764 0.207547
5 0.017099 0.485325 0.029481 0.201258
6 0.992925 0.385744 0.014150 0.127883
0 0.577830 0.818658 0.110849 0.297694
0 0.469929 0.818658 0.104953 0.289308
1 0.686910 0.813417 0.109670 0.295597
1 0.366745 0.833333 0.099057 0.314465
2 0.790094 0.794549 0.099057 0.375262
2 0.268868 0.831761 0.094340 0.336478
3 0.865566 0.776730 0.089623 0.297694
3 0.189269 0.841719 0.083726 0.289308
4 0.919811 0.751572 0.080189 0.222222
4 0.127948 0.840671 0.071934 0.224319
5 0.969340 0.728512 0.061320 0.176101
5 0.064858 0.837526 0.096698 0.188679
6 0.966981 0.607966 0.066038 0.060797
6 0.045991 0.741090 0.091981 0.142558
7 0.982901 0.558700 0.034198 0.046122
7 0.028302 0.685535 0.056604 0.073375