0 0.581958 0.440252 0.168632 0.331237
0 0.412736 0.447589 0.169811 0.333333
1 0.722877 0.406709 0.110849 0.310273
1 0.275354 0.433962 0.104953 0.293501
2 0.827830 0.387841 0.099057 0.339623
2 0.178656 0.464361 0.086085 0.324948
3 0.909788 0.408805 0.064858 0.272537
3 0.112618 0.487421 0.048349 0.257862
4 0.959906 0.426625 0.033019 0.224319
4 0.068986 0.502096 0.036557 0.207547
5 0.988797 0.425577 0.022406 0.213836
5 0.037736 0.473795 0.025943 0.171908
0 0.558373 0.622642 0.107311 0.293501
0 0.455778 0.624738 0.100236 0.306080
1 0.671580 0.638365 0.119104 0.274633
1 0.352594 0.646751 0.101415 0.278826
2 0.774175 0.620545 0.086085 0.377358
2 0.254127 0.700210 0.093160 0.301887
3 0.859080 0.657233 0.083726 0.207547
3 0.170991 0.700210 0.073113 0.150943
4 0.928656 0.638365 0.055425 0.190776
4 0.112028 0.690776 0.047170 0.136268
5 0.977594 0.616352 0.044811 0.150943
5 0.053656 0.675052 0.069575 0.134172