0 0.594929 0.322851 0.178066 0.348008
0 0.412736 0.319706 0.181604 0.333333
1 0.744104 0.306080 0.115566 0.318658
1 0.263561 0.306080 0.119104 0.301887
2 0.852005 0.310273 0.104953 0.360587
2 0.158019 0.349057 0.089623 0.350105
3 0.936321 0.343816 0.066038 0.310273
3 0.080778 0.386792 0.060142 0.274633
4 0.974057 0.394130 0.051886 0.243187
4 0.030660 0.403564 0.035377 0.241090
0 0.603774 0.787212 0.113208 0.299790
0 0.488208 0.786164 0.113208 0.293501
1 0.380896 0.794549 0.106132 0.310273
2 0.824882 0.791405 0.104953 0.387841
2 0.273585 0.813417 0.106132 0.373166
3 0.906250 0.765199 0.095519 0.289308
3 0.187500 0.817610 0.096698 0.310273
4 0.962264 0.781971 0.075472 0.272537
4 0.121462 0.807128 0.082547 0.238994
5 0.053656 0.807128 0.107311 0.197065
6 0.040094 0.697065 0.080188 0.094340
7 0.024175 0.651992 0.041274 0.058700