0 0.577241 0.440252 0.170991 0.337526
0 0.408608 0.448637 0.163915 0.337526
1 0.718160 0.407757 0.110849 0.314465
1 0.271816 0.440252 0.107311 0.295597
2 0.823113 0.388889 0.099057 0.352201
2 0.173939 0.464361 0.086085 0.335430
3 0.907429 0.412998 0.071934 0.274633
3 0.104953 0.486373 0.051887 0.266247
4 0.958137 0.432914 0.029481 0.230608
4 0.061910 0.497904 0.029481 0.218029
5 0.985849 0.425577 0.028302 0.211740
5 0.033608 0.483229 0.027123 0.192872
0 0.556014 0.616352 0.104953 0.299790
0 0.449882 0.615304 0.102594 0.301887
1 0.664505 0.635220 0.114387 0.270440
1 0.345519 0.633124 0.106132 0.299790
2 0.768868 0.620545 0.094340 0.362683
2 0.246462 0.710692 0.091981 0.274633
3 0.854363 0.665618 0.079009 0.201258
3 0.165684 0.713836 0.067217 0.159329
4 0.925118 0.645702 0.062500 0.194969
4 0.107311 0.691824 0.049528 0.136268
5 0.974057 0.627883 0.051886 0.159329
5 0.049528 0.680294 0.068396 0.146751