0 0.593750 0.321803 0.178066 0.350105
0 0.412736 0.319706 0.179245 0.345912
1 0.741156 0.308176 0.119104 0.327044
1 0.262382 0.308176 0.116745 0.306080
2 0.854363 0.319706 0.102594 0.362683
2 0.156840 0.353249 0.091981 0.358491
3 0.936321 0.346960 0.061321 0.316562
3 0.080778 0.382600 0.062500 0.283019
4 0.972877 0.400419 0.049528 0.247379
4 0.030071 0.412998 0.038915 0.247379
0 0.604363 0.786164 0.114387 0.297694
1 0.715802 0.799790 0.110849 0.299790
1 0.380896 0.814465 0.108491 0.329140
2 0.823703 0.802935 0.102594 0.394130
2 0.274175 0.813417 0.104953 0.373166
3 0.904481 0.789308 0.101415 0.324948
3 0.185731 0.822851 0.097877 0.312369
4 0.961675 0.785115 0.076650 0.266247
4 0.119693 0.817610 0.086085 0.234801
5 0.050708 0.817610 0.101415 0.188679
6 0.042453 0.703354 0.084906 0.090147
7 0.022406 0.653040 0.040094 0.039832