0 0.568396 0.395178 0.172170 0.335430
0 0.394458 0.401468 0.163915 0.310273
1 0.717571 0.376310 0.119104 0.310273
1 0.257665 0.372117 0.107311 0.285115
2 0.832547 0.379455 0.108491 0.358491
2 0.164505 0.401468 0.083726 0.318658
3 0.923939 0.396226 0.076651 0.291405
3 0.102005 0.419287 0.053066 0.257862
4 0.979953 0.435010 0.040094 0.243187
4 0.063090 0.442348 0.031840 0.199161
5 0.034788 0.466457 0.020047 0.088050
0 0.545991 0.573375 0.096698 0.301887
0 0.438090 0.577568 0.095519 0.310273
1 0.658019 0.601677 0.113208 0.295597
1 0.336085 0.594340 0.106132 0.293501
2 0.768278 0.612159 0.102594 0.379455
2 0.228184 0.644654 0.109670 0.310273
3 0.859670 0.631027 0.087264 0.278826
3 0.157429 0.633124 0.081368 0.253669
4 0.932783 0.623690 0.068396 0.255765
4 0.098467 0.632075 0.045991 0.184486
5 0.982311 0.613208 0.035377 0.155136
5 0.043632 0.614780 0.058962 0.151992
6 0.021226 0.580713 0.042452 0.113208