0 0.580189 0.401468 0.169811 0.324948
0 0.412146 0.396226 0.166274 0.322851
1 0.723467 0.383648 0.114387 0.306080
1 0.281250 0.385744 0.093160 0.293501
2 0.834906 0.385744 0.106132 0.348008
2 0.191038 0.416143 0.080189 0.333333
3 0.924528 0.402516 0.070755 0.264151
3 0.125000 0.438155 0.049528 0.247379
4 0.978774 0.440252 0.040094 0.222222
4 0.086085 0.455975 0.023585 0.215933
5 0.064269 0.430818 0.024764 0.169811
0 0.561910 0.780922 0.112028 0.283019
0 0.455778 0.780922 0.102594 0.287212
1 0.674528 0.790356 0.113208 0.297694
1 0.356132 0.785115 0.099057 0.295597
2 0.779481 0.787212 0.101415 0.375262
2 0.259434 0.793501 0.094340 0.354298
3 0.867335 0.775681 0.093160 0.314465
3 0.191038 0.776730 0.080189 0.266247
4 0.932783 0.764151 0.077830 0.241090
4 0.141509 0.784067 0.070755 0.226415
5 0.974646 0.731656 0.050708 0.171908
5 0.089033 0.767296 0.088443 0.184486