0 0.576061 0.394130 0.168632 0.327044
0 0.405660 0.394130 0.169811 0.322851
1 0.718750 0.371069 0.114387 0.306080
1 0.271816 0.368973 0.095519 0.293501
2 0.829599 0.375262 0.107311 0.348008
2 0.183373 0.406709 0.081368 0.322851
3 0.917453 0.399371 0.070755 0.253669
3 0.117925 0.427673 0.047170 0.255765
4 0.971698 0.431866 0.037736 0.218029
4 0.080189 0.448637 0.023585 0.218029
5 0.059552 0.424528 0.020047 0.169811
0 0.563679 0.675052 0.110849 0.285115
0 0.455189 0.669811 0.103774 0.274633
1 0.672759 0.692872 0.109670 0.291405
1 0.354953 0.694969 0.094340 0.287212
2 0.778302 0.693920 0.103774 0.368973
2 0.261203 0.697065 0.095519 0.345912
3 0.865566 0.682390 0.087264 0.287212
3 0.192807 0.692872 0.083726 0.245283
4 0.932783 0.681342 0.082547 0.251572
4 0.140330 0.697065 0.068396 0.211740
5 0.978184 0.639413 0.043632 0.129979
5 0.081958 0.692872 0.074292 0.153040