0 0.592571 0.403564 0.173349 0.320755
0 0.421580 0.398323 0.166274 0.318658
1 0.735849 0.374214 0.113208 0.303983
1 0.287146 0.376310 0.100236 0.278826
2 0.846698 0.372117 0.108491 0.350105
2 0.193986 0.410901 0.083726 0.335430
3 0.936321 0.398323 0.070755 0.268344
3 0.127948 0.431866 0.045991 0.255765
4 0.985259 0.436059 0.029481 0.226415
4 0.090212 0.452830 0.027123 0.205451
0 0.566627 0.575472 0.102594 0.287212
0 0.460495 0.580713 0.102594 0.297694
1 0.680425 0.603774 0.127358 0.247379
1 0.360849 0.597484 0.099057 0.293501
2 0.790684 0.592243 0.093160 0.383648
2 0.262972 0.636268 0.096698 0.295597
3 0.877948 0.647799 0.079009 0.201258
3 0.179835 0.666667 0.067217 0.180294
4 0.948703 0.634172 0.060142 0.199161
4 0.129127 0.644654 0.034198 0.161426