0 0.591981 0.403564 0.174528 0.312369
0 0.421580 0.405660 0.166274 0.299790
1 0.736439 0.382600 0.114387 0.312369
1 0.287736 0.389937 0.099057 0.289308
2 0.845519 0.385744 0.103774 0.339623
2 0.196344 0.421384 0.081368 0.331237
3 0.933373 0.412998 0.069575 0.272537
3 0.131486 0.437107 0.048349 0.257862
4 0.984670 0.444444 0.030660 0.226415
4 0.092571 0.460168 0.027123 0.224319
0 0.566038 0.570231 0.103774 0.297694
0 0.463443 0.568134 0.101415 0.297694
1 0.679245 0.607966 0.125000 0.255765
1 0.360259 0.596436 0.104953 0.291405
2 0.790684 0.599581 0.097877 0.368973
2 0.262972 0.649895 0.089623 0.285115
3 0.877358 0.650943 0.077830 0.207547
3 0.186321 0.659329 0.066038 0.136268
4 0.948703 0.637317 0.064858 0.176101
4 0.132075 0.649895 0.047170 0.155136
5 0.079009 0.643606 0.056604 0.138365