0 0.564269 0.397275 0.182783 0.324948
0 0.390920 0.335430 0.149764 0.184486
1 0.716981 0.402516 0.120283 0.343816
2 0.839623 0.405660 0.113208 0.379455
3 0.934552 0.421384 0.083726 0.310273
4 0.987618 0.465409 0.022406 0.255765
1 0.653302 0.624738 0.117925 0.322851
2 0.770047 0.644654 0.120283 0.442348
3 0.873231 0.701258 0.079009 0.224319
4 0.943396 0.688679 0.061321 0.232704
5 0.987618 0.655136 0.024764 0.127883
0 0.540094 0.664570 0.099057 0.218029
1 0.238797 0.259958 0.060142 0.050314
2 0.139741 0.270440 0.053066 0.079665