0 0.579009 0.399371 0.172170 0.331237
0 0.409788 0.404612 0.168632 0.333333
1 0.721108 0.361635 0.104953 0.322851
1 0.268278 0.396226 0.112028 0.299790
2 0.821934 0.344864 0.094340 0.352201
2 0.167453 0.437107 0.087264 0.339623
3 0.901533 0.361635 0.062500 0.280922
3 0.096698 0.466457 0.054245 0.255765
4 0.945755 0.388889 0.025943 0.234801
4 0.048939 0.483229 0.036557 0.222222
5 0.972288 0.387841 0.027123 0.220126
5 0.015920 0.482180 0.031840 0.203354
6 0.992925 0.374214 0.014150 0.167715
0 0.587854 0.800839 0.112028 0.257862
0 0.477594 0.810273 0.101415 0.255765
1 0.696934 0.788260 0.106132 0.257862
1 0.378538 0.815514 0.096698 0.262055
2 0.796580 0.757862 0.093160 0.306080
2 0.281250 0.816562 0.097877 0.285115
3 0.870873 0.759958 0.095519 0.264151
3 0.195755 0.833333 0.089623 0.255765
4 0.928066 0.746331 0.077830 0.215933
4 0.136792 0.844864 0.075472 0.224319
5 0.974057 0.728512 0.051886 0.192872
5 0.071934 0.835430 0.091981 0.188679
6 0.969929 0.618449 0.060142 0.098532
6 0.047759 0.752621 0.093160 0.144654
7 0.985849 0.557652 0.028302 0.044025
7 0.030071 0.682390 0.060142 0.058700