0 0.589033 0.322851 0.175708 0.350105
0 0.410967 0.322851 0.180425 0.341719
1 0.737618 0.307128 0.119104 0.314465
1 0.257665 0.308176 0.119104 0.291405
2 0.848467 0.311321 0.102594 0.364780
2 0.151533 0.354298 0.095519 0.350105
3 0.931014 0.338574 0.067217 0.306080
3 0.074292 0.379455 0.058962 0.283019
4 0.970519 0.393082 0.044811 0.243187
4 0.025943 0.407757 0.040094 0.243187
0 0.482311 0.776730 0.106132 0.297694
1 0.372052 0.794549 0.112028 0.316562
1 0.712264 0.788260 0.103774 0.291405
2 0.816627 0.795073 0.100236 0.409853
2 0.263561 0.808700 0.102594 0.382600
3 0.898585 0.783019 0.099057 0.322851
3 0.177476 0.820755 0.095519 0.327044
4 0.959906 0.778826 0.080188 0.276730
4 0.114387 0.800839 0.082547 0.232704
5 0.050118 0.807128 0.100236 0.199161
6 0.037736 0.700210 0.075472 0.098532
7 0.021226 0.646751 0.042452 0.054507