0 0.591981 0.388889 0.172170 0.318658
0 0.418632 0.381551 0.169811 0.324948
1 0.738208 0.360587 0.110849 0.303983
1 0.284198 0.362683 0.101415 0.295597
2 0.845519 0.357442 0.099057 0.348008
2 0.194575 0.394130 0.077830 0.329140
3 0.932193 0.400419 0.071934 0.257862
3 0.130896 0.419287 0.047170 0.249476
4 0.982311 0.424528 0.030660 0.230608
4 0.089033 0.450734 0.031840 0.194969
0 0.561321 0.552411 0.101415 0.301887
0 0.458726 0.538784 0.091981 0.287212
1 0.672170 0.582809 0.122642 0.283019
1 0.362618 0.540881 0.093160 0.262055
2 0.785967 0.579665 0.102594 0.377358
2 0.273585 0.554507 0.082547 0.222222
3 0.877948 0.625786 0.081368 0.230608
4 0.946344 0.618449 0.060142 0.178197
6 0.056604 0.569182 0.042453 0.075472
3 0.193986 0.603774 0.074292 0.144654