0 0.592571 0.399371 0.175708 0.324948
0 0.420991 0.400419 0.167453 0.318658
1 0.735849 0.376310 0.113208 0.312369
1 0.285967 0.377358 0.102594 0.293501
2 0.848467 0.377358 0.112028 0.339623
2 0.197524 0.410901 0.076651 0.318658
3 0.937500 0.409853 0.066038 0.266247
3 0.131486 0.438155 0.050708 0.251572
4 0.985849 0.444444 0.028302 0.226415
4 0.093160 0.460168 0.025943 0.207547
0 0.565448 0.568134 0.104953 0.297694
0 0.462264 0.566038 0.099057 0.301887
1 0.679245 0.596436 0.122642 0.274633
1 0.362028 0.591195 0.103774 0.276730
2 0.790684 0.592243 0.097877 0.387841
2 0.260613 0.645702 0.091981 0.297694
3 0.879127 0.632075 0.074292 0.236897
3 0.183373 0.651992 0.064858 0.171908
4 0.948113 0.638365 0.066038 0.194969
4 0.129717 0.649895 0.042453 0.159329