0 0.596698 0.390985 0.167453 0.329140
0 0.428656 0.394130 0.168632 0.314465
1 0.740566 0.366876 0.117925 0.314465
1 0.293632 0.373166 0.096698 0.289308
2 0.851415 0.375262 0.108491 0.339623
2 0.201061 0.405660 0.083726 0.333333
3 0.940448 0.390985 0.071934 0.270440
3 0.136792 0.436059 0.047170 0.243187
4 0.985259 0.442348 0.029481 0.213836
4 0.099646 0.443396 0.024764 0.224319
5 0.076061 0.427673 0.020047 0.167715
0 0.580778 0.771488 0.109670 0.276730
0 0.472877 0.771488 0.101415 0.272537
1 0.690448 0.780922 0.114387 0.291405
1 0.375000 0.784067 0.099057 0.297694
2 0.799528 0.779874 0.099057 0.368973
2 0.277123 0.795597 0.094340 0.366876
3 0.882075 0.766247 0.094340 0.295597
3 0.208137 0.776730 0.088443 0.270440
4 0.948703 0.762055 0.076651 0.245283
4 0.156840 0.775681 0.070755 0.230608
5 0.980542 0.690776 0.038915 0.123690
5 0.099057 0.759958 0.084906 0.161426