0 0.596108 0.321803 0.180425 0.339623
0 0.416863 0.323899 0.175708 0.339623
1 0.745873 0.303983 0.116745 0.324948
1 0.268868 0.302935 0.122642 0.314465
2 0.854363 0.317610 0.102594 0.360587
2 0.159198 0.352201 0.094340 0.354298
3 0.937500 0.341719 0.063679 0.312369
3 0.081368 0.383648 0.058962 0.274633
4 0.974646 0.390985 0.043632 0.247379
4 0.031840 0.411950 0.040094 0.238994
0 0.491745 0.781971 0.108491 0.295597
1 0.383255 0.798742 0.110849 0.312369
1 0.723467 0.800839 0.102594 0.303983
2 0.824882 0.792453 0.102594 0.392034
2 0.273585 0.809224 0.103774 0.379455
3 0.906840 0.757862 0.096698 0.280922
3 0.188679 0.811321 0.096698 0.316562
4 0.964623 0.781971 0.070754 0.278826
4 0.124410 0.810273 0.086085 0.230608
5 0.054245 0.808176 0.108490 0.205451
6 0.040094 0.707547 0.080188 0.100629
7 0.024764 0.655136 0.049528 0.058700