0 0.553066 0.423480 0.186321 0.360587
0 0.370283 0.423480 0.174528 0.335430
1 0.708726 0.405660 0.125000 0.333333
1 0.232901 0.370021 0.100236 0.257862
2 0.830778 0.409853 0.114387 0.371069
2 0.132075 0.342767 0.084906 0.178197
3 0.925708 0.424528 0.075472 0.303983
4 0.981722 0.455975 0.036556 0.249476
3 0.064269 0.363732 0.048349 0.132075
1 0.641509 0.637317 0.113208 0.327044
2 0.754717 0.656184 0.110849 0.394130
3 0.857901 0.701258 0.093160 0.215933
4 0.932193 0.680294 0.074292 0.203354
5 0.984670 0.649895 0.030660 0.134172
0 0.518868 0.690776 0.117925 0.182390