0 0.591981 0.398323 0.174528 0.335430
0 0.419222 0.407757 0.166274 0.320755
1 0.731722 0.354298 0.104953 0.322851
1 0.281250 0.397275 0.107311 0.295597
2 0.831958 0.346960 0.093160 0.350105
2 0.181604 0.430818 0.089623 0.354298
3 0.908608 0.357442 0.060142 0.287212
3 0.108491 0.457023 0.056604 0.280922
4 0.952830 0.382600 0.028302 0.228512
4 0.058373 0.481132 0.038915 0.220126
5 0.978774 0.383648 0.023585 0.197065
5 0.021816 0.468553 0.031840 0.190776
0 0.595519 0.813417 0.110849 0.297694
0 0.486439 0.818658 0.100236 0.287212
1 0.703420 0.811321 0.104953 0.289308
1 0.383255 0.839623 0.103774 0.299790
2 0.803656 0.779874 0.097877 0.343816
2 0.284788 0.835430 0.095519 0.329140
3 0.881486 0.763103 0.086085 0.276730
3 0.205778 0.834382 0.090802 0.272537
4 0.937500 0.754717 0.075472 0.230608
4 0.143278 0.835430 0.071934 0.232704
5 0.976415 0.729560 0.047170 0.171908
5 0.079599 0.831237 0.095519 0.190776
6 0.970519 0.604822 0.058962 0.073375
6 0.053066 0.746331 0.103774 0.142558
7 0.984080 0.548218 0.031840 0.039832
7 0.038325 0.685535 0.074292 0.088050