0 0.598467 0.414046 0.170991 0.318658
0 0.429245 0.407757 0.167453 0.314465
1 0.742925 0.381551 0.117925 0.299790
1 0.293042 0.393082 0.104953 0.280922
2 0.854953 0.388889 0.099057 0.335430
2 0.202241 0.425577 0.074292 0.324948
3 0.941038 0.422432 0.070755 0.268344
3 0.140330 0.441300 0.049528 0.247379
4 0.988208 0.452830 0.023584 0.224319
4 0.100236 0.472746 0.025943 0.201258
0 0.576061 0.582809 0.102594 0.274633
0 0.472877 0.584906 0.101415 0.270440
1 0.688679 0.614256 0.115566 0.270440
1 0.370283 0.597484 0.099057 0.283019
2 0.797170 0.600629 0.103774 0.373166
2 0.280660 0.629979 0.080189 0.293501
3 0.887972 0.651992 0.082547 0.199161
3 0.202830 0.658281 0.073113 0.144654
4 0.959316 0.641509 0.062500 0.165618
4 0.140920 0.648847 0.048349 0.150943
5 0.087854 0.640461 0.060142 0.134172
6 0.064858 0.601677 0.047170 0.077568