0 0.591392 0.385744 0.173349 0.329140
0 0.422759 0.388889 0.166274 0.301887
1 0.736439 0.364780 0.114387 0.303983
1 0.287736 0.373166 0.103774 0.283019
2 0.846108 0.367925 0.102594 0.348008
2 0.194575 0.406709 0.077830 0.320755
3 0.935142 0.396226 0.073113 0.257862
3 0.133255 0.425577 0.044811 0.253669
4 0.987028 0.425577 0.025943 0.224319
4 0.094340 0.447589 0.028302 0.213836
0 0.565448 0.556604 0.102594 0.289308
0 0.463443 0.555556 0.094340 0.283019
1 0.676297 0.577568 0.119104 0.276730
1 0.363797 0.563941 0.100236 0.262055
2 0.787736 0.582809 0.103774 0.387841
2 0.273585 0.566038 0.077830 0.262055
3 0.879717 0.626834 0.080189 0.220126
3 0.194575 0.634172 0.073113 0.138365
4 0.950472 0.620545 0.061321 0.186583
4 0.133255 0.614256 0.049528 0.132075
5 0.081368 0.611111 0.054245 0.109015
6 0.060142 0.576520 0.037736 0.060797