0 0.600236 0.324948 0.181604 0.343816
0 0.418632 0.325996 0.181604 0.337526
1 0.749410 0.309224 0.114387 0.320755
1 0.268868 0.316562 0.115566 0.293501
2 0.857311 0.319706 0.099057 0.362683
2 0.165094 0.352201 0.089623 0.348008
3 0.940448 0.346960 0.064858 0.299790
3 0.087854 0.389937 0.060142 0.268344
4 0.980542 0.394130 0.038915 0.259958
4 0.034788 0.415094 0.038915 0.234801
0 0.611439 0.772537 0.116745 0.295597
0 0.495283 0.770440 0.113208 0.278826
1 0.729953 0.780922 0.113208 0.320755
1 0.384434 0.787212 0.113208 0.303983
2 0.837264 0.727463 0.080189 0.276730
2 0.275354 0.810273 0.100236 0.379454
3 0.912146 0.746331 0.095519 0.251572
3 0.194575 0.816562 0.101415 0.320755
4 0.966981 0.768344 0.066038 0.249476
4 0.127358 0.809224 0.080189 0.234801
5 0.062500 0.805031 0.103774 0.188679
6 0.045401 0.714885 0.090802 0.121593
7 0.023585 0.647799 0.047170 0.050314