0 0.581958 0.463312 0.173349 0.333333
0 0.411557 0.463312 0.162736 0.324948
1 0.725825 0.428721 0.112028 0.314465
1 0.275354 0.453878 0.107311 0.297694
2 0.829599 0.407757 0.095519 0.348008
2 0.178066 0.487421 0.087264 0.331237
3 0.911557 0.431866 0.068396 0.278826
3 0.110259 0.509434 0.050708 0.257862
4 0.964033 0.454927 0.034198 0.220126
4 0.066038 0.516771 0.035377 0.213836
5 0.991156 0.437107 0.017688 0.192872
5 0.036557 0.501048 0.025943 0.190776
0 0.558373 0.621593 0.109670 0.314465
0 0.452830 0.621593 0.099057 0.310273
1 0.669222 0.654088 0.114387 0.278826
1 0.351415 0.669811 0.106132 0.293501
2 0.774175 0.648847 0.095519 0.360587
2 0.251769 0.728512 0.093160 0.285115
3 0.862028 0.684486 0.077830 0.205451
3 0.170401 0.736897 0.067217 0.167715
4 0.928066 0.661426 0.056604 0.188679
4 0.112028 0.716981 0.049528 0.153040
5 0.978184 0.638365 0.043632 0.150943
5 0.051887 0.700210 0.066038 0.140461