0 0.595519 0.319706 0.181604 0.345912
0 0.416274 0.316562 0.176887 0.343816
1 0.745283 0.299790 0.120283 0.318658
1 0.267099 0.307128 0.121462 0.295597
2 0.854363 0.313417 0.100236 0.366876
2 0.160967 0.350105 0.093160 0.339623
3 0.938679 0.342767 0.066038 0.308176
3 0.084906 0.382600 0.061321 0.270440
4 0.978774 0.398323 0.042452 0.238994
4 0.032429 0.404612 0.041274 0.243187
0 0.608491 0.768344 0.113208 0.287212
0 0.495283 0.771488 0.113208 0.293501
1 0.721698 0.771488 0.110849 0.310273
1 0.387382 0.786164 0.107311 0.306080
2 0.827830 0.745283 0.099057 0.333333
2 0.278302 0.808176 0.106132 0.383648
3 0.912736 0.744235 0.091981 0.272537
3 0.189858 0.794549 0.087264 0.310273
4 0.122642 0.797694 0.075472 0.245283
4 0.966981 0.752621 0.066038 0.255765
5 0.053656 0.802935 0.100236 0.205451
6 0.041274 0.721174 0.082547 0.155136
7 0.025943 0.640461 0.042453 0.048218