0 0.593160 0.400419 0.167453 0.331237
0 0.422759 0.401468 0.170991 0.324948
1 0.736439 0.377358 0.116745 0.301887
1 0.287146 0.385744 0.097877 0.293501
2 0.849646 0.379455 0.104953 0.348008
2 0.196344 0.410901 0.081368 0.331237
3 0.938090 0.411950 0.069575 0.262055
3 0.132665 0.443396 0.048349 0.257862
4 0.985849 0.444444 0.028302 0.226415
4 0.093160 0.457023 0.025943 0.218029
0 0.561321 0.568134 0.103774 0.318658
0 0.460495 0.568134 0.097877 0.318658
1 0.677476 0.595388 0.130896 0.276730
1 0.360259 0.599581 0.097877 0.297694
2 0.793042 0.595388 0.095519 0.377358
2 0.264151 0.645702 0.094340 0.293501
3 0.879127 0.655136 0.079009 0.232704
3 0.183962 0.665618 0.066038 0.169811
4 0.948703 0.637317 0.062500 0.192872
4 0.133844 0.647799 0.036557 0.138365