0 0.600236 0.324948 0.176887 0.345912
0 0.420401 0.327044 0.180425 0.341719
1 0.747052 0.311321 0.116745 0.331237
1 0.271226 0.315514 0.117925 0.301887
2 0.857311 0.325996 0.103774 0.360587
2 0.166274 0.360587 0.091981 0.350105
3 0.941627 0.346960 0.067217 0.310273
3 0.087264 0.381551 0.061321 0.291405
4 0.978774 0.399371 0.042452 0.251572
4 0.035967 0.417191 0.038915 0.241090
0 0.610849 0.766247 0.110849 0.234801
0 0.495283 0.796646 0.115566 0.299790
1 0.721698 0.809224 0.108491 0.303983
1 0.382665 0.812369 0.109670 0.322851
2 0.828420 0.802411 0.104953 0.395178
2 0.276533 0.813941 0.104953 0.372117
3 0.912146 0.769392 0.088443 0.283019
3 0.193986 0.823899 0.102594 0.308176
4 0.966392 0.791405 0.067216 0.268344
4 0.125000 0.817610 0.084906 0.241090
5 0.061321 0.818658 0.113208 0.209644
6 0.042453 0.707547 0.084906 0.083857
7 0.027712 0.657233 0.048349 0.054507