0 0.566627 0.375054 0.163915 0.341315
0 0.400943 0.388260 0.167453 0.363663
1 0.701651 0.396387 0.103774 0.253954
1 0.266509 0.428893 0.099057 0.258018
2 0.793042 0.404513 0.079009 0.233638
2 0.175118 0.411624 0.083726 0.235670
3 0.857311 0.411624 0.049528 0.158467
3 0.128538 0.446162 0.061321 0.117835
4 0.899764 0.399434 0.035377 0.166594
4 0.083726 0.457336 0.049528 0.103613
5 0.922759 0.389276 0.015330 0.125961
0 0.551297 0.688942 0.109670 0.270207
0 0.439269 0.700116 0.114387 0.260049
1 0.659788 0.678784 0.104953 0.298650
1 0.329599 0.697069 0.104953 0.270207
2 0.753538 0.639167 0.084906 0.284429
2 0.238208 0.684879 0.080189 0.290524
3 0.823703 0.585329 0.060142 0.168626
3 0.175708 0.608692 0.066038 0.150341
4 0.876769 0.553838 0.060142 0.113772
4 0.123821 0.576186 0.049528 0.125961