0 0.594340 0.314465 0.179245 0.352201
0 0.413325 0.318658 0.182783 0.331237
1 0.744104 0.305031 0.120283 0.316562
1 0.262972 0.308176 0.115566 0.293501
2 0.853774 0.312369 0.101415 0.364780
2 0.156250 0.353249 0.093160 0.354298
3 0.938679 0.342767 0.066038 0.299790
3 0.079599 0.381551 0.057783 0.272537
4 0.972877 0.396226 0.054245 0.247379
4 0.028892 0.406709 0.038915 0.247379
0 0.605542 0.777778 0.116745 0.289308
0 0.489976 0.779874 0.112028 0.293501
1 0.381486 0.793501 0.112028 0.316562
2 0.823703 0.789308 0.100236 0.396226
2 0.272406 0.812369 0.103774 0.375262
3 0.912146 0.791405 0.100236 0.350105
3 0.185731 0.813417 0.097877 0.327044
4 0.963443 0.777778 0.073113 0.276730
4 0.121462 0.811321 0.082547 0.259958
5 0.054835 0.806080 0.104953 0.215933
6 0.043042 0.702306 0.081368 0.109015
7 0.025354 0.642558 0.041274 0.044025