0 0.598467 0.407757 0.168632 0.327044
0 0.431014 0.404612 0.163915 0.320755
1 0.742925 0.376310 0.117925 0.293501
1 0.295991 0.383648 0.101415 0.283019
2 0.850825 0.380503 0.100236 0.339623
2 0.201061 0.418239 0.086085 0.327044
3 0.939269 0.414046 0.074292 0.255765
3 0.135024 0.440252 0.041274 0.253669
4 0.988208 0.441300 0.023584 0.222222
4 0.096108 0.472746 0.031840 0.188679
0 0.574882 0.588050 0.102594 0.289308
0 0.471698 0.587002 0.103774 0.283019
1 0.685731 0.607966 0.116745 0.274633
1 0.370283 0.599581 0.099057 0.262055
2 0.793632 0.590147 0.096698 0.377358
2 0.274175 0.646751 0.086085 0.293501
3 0.885613 0.638365 0.089623 0.222222
3 0.194575 0.655136 0.068396 0.171908
4 0.958137 0.640461 0.057783 0.192872
4 0.136792 0.639413 0.042453 0.144654
5 0.085495 0.640461 0.057783 0.134172
6 0.060142 0.596436 0.042453 0.067086