0 0.583137 0.392034 0.185142 0.364780
0 0.399764 0.393082 0.176887 0.337526
1 0.739976 0.382600 0.130896 0.324948
1 0.261792 0.299790 0.091981 0.171908
2 0.860849 0.387841 0.113208 0.381551
2 0.160377 0.268344 0.070755 0.083857
3 0.958726 0.402516 0.080189 0.318658
0 0.558962 0.582809 0.115566 0.348008
0 0.444575 0.573375 0.106132 0.329140
1 0.677476 0.610063 0.119104 0.331237
1 0.337854 0.660377 0.100236 0.188679
2 0.790684 0.622642 0.109670 0.406709
3 0.890920 0.681342 0.090802 0.201258
4 0.967571 0.663522 0.064858 0.211740