0 0.579009 0.389937 0.172170 0.335430
0 0.409788 0.398323 0.166274 0.335430
1 0.722288 0.349057 0.114387 0.333333
1 0.267099 0.392034 0.112028 0.306080
2 0.824292 0.342767 0.089623 0.362683
2 0.166863 0.422432 0.088443 0.366876
3 0.899175 0.355346 0.057783 0.291405
3 0.095519 0.448637 0.051887 0.276730
4 0.943986 0.383648 0.029481 0.243187
4 0.047759 0.472746 0.034198 0.228512
5 0.969340 0.380503 0.021226 0.224319
5 0.014151 0.469602 0.028302 0.209644
6 0.990566 0.361635 0.018868 0.153040
0 0.571344 0.786164 0.114387 0.301887
0 0.461085 0.791405 0.106132 0.295597
1 0.681604 0.788260 0.108491 0.310273
1 0.359670 0.809224 0.099057 0.301887
2 0.785967 0.769392 0.097877 0.381551
2 0.260613 0.813417 0.096698 0.348008
3 0.862618 0.757862 0.093160 0.316562
3 0.181604 0.823899 0.089623 0.310273
4 0.917453 0.736897 0.077830 0.245283
4 0.123231 0.812369 0.079009 0.228512
5 0.968750 0.711740 0.062500 0.190776
5 0.055425 0.814465 0.101415 0.190776
6 0.964033 0.587002 0.071934 0.062893
6 0.045401 0.699161 0.081368 0.102725
7 0.981132 0.545073 0.037736 0.054507
7 0.028302 0.650943 0.044811 0.064990