0 0.557193 0.419287 0.187500 0.377358
0 0.378538 0.383648 0.167453 0.264151
1 0.713443 0.394130 0.127358 0.343816
2 0.831958 0.405660 0.116745 0.375262
3 0.929835 0.426625 0.081368 0.316562
4 0.985259 0.465409 0.029481 0.251572
1 0.652123 0.633124 0.115566 0.348008
2 0.765330 0.651992 0.106132 0.381551
3 0.861439 0.699161 0.088443 0.215933
4 0.938679 0.684486 0.066038 0.199161
5 0.986439 0.654088 0.027122 0.138365
1 0.234670 0.292453 0.082547 0.115304
2 0.128538 0.301887 0.066038 0.129979
0 0.531250 0.693920 0.097877 0.171908