0 0.594340 0.285712 0.188679 0.430616
0 0.408019 0.267345 0.181604 0.406126
1 0.746462 0.270406 0.115566 0.400003
1 0.261203 0.252039 0.109670 0.367350
2 0.857311 0.267345 0.106132 0.414289
2 0.156840 0.240814 0.096698 0.385718
3 0.926887 0.275508 0.080189 0.385718
3 0.074882 0.240814 0.064858 0.316329
4 0.983491 0.289794 0.033018 0.300003
4 0.020637 0.229589 0.041274 0.281635
0 0.570165 0.641838 0.112028 0.379595
0 0.455778 0.631634 0.116745 0.367350
1 0.682783 0.626532 0.115566 0.324493
1 0.340212 0.604083 0.114387 0.344901
2 0.785377 0.631634 0.091981 0.334697
2 0.234670 0.608164 0.096698 0.340819
3 0.867925 0.614287 0.075472 0.283676
3 0.143278 0.565307 0.088443 0.259186
4 0.939858 0.583674 0.068396 0.234696
4 0.062500 0.509184 0.077830 0.216328