0 0.603184 0.417191 0.168632 0.331237
0 0.432783 0.427673 0.165094 0.327044
1 0.742925 0.376310 0.108491 0.316562
1 0.290684 0.420335 0.107311 0.291405
2 0.843160 0.370021 0.094340 0.345912
2 0.192807 0.451782 0.086085 0.345912
3 0.922759 0.377358 0.064858 0.293501
3 0.119693 0.469602 0.060142 0.276730
4 0.968750 0.409853 0.024764 0.228512
4 0.069575 0.498952 0.040094 0.218029
5 0.990566 0.402516 0.018868 0.209644
5 0.033019 0.488470 0.033019 0.197065
0 0.602594 0.819706 0.113208 0.280922
0 0.492925 0.822851 0.101415 0.274633
1 0.712264 0.820755 0.103774 0.291405
1 0.390330 0.844864 0.101415 0.301887
2 0.811910 0.798742 0.095519 0.348008
2 0.293042 0.840671 0.093160 0.314465
3 0.889151 0.780922 0.091981 0.278826
3 0.211675 0.851153 0.093160 0.268344
4 0.945755 0.773585 0.080189 0.234801
4 0.150943 0.854298 0.075472 0.220126
5 0.978774 0.713836 0.042452 0.115304
5 0.086085 0.845912 0.096698 0.190776
6 0.970519 0.617400 0.058962 0.064990
6 0.058962 0.764151 0.108491 0.161426
7 0.042453 0.698113 0.068396 0.079665
7 0.991156 0.569182 0.017688 0.039832