0 0.593160 0.390985 0.179245 0.322851
0 0.421580 0.393082 0.163915 0.327044
1 0.738797 0.368973 0.112028 0.308176
1 0.287146 0.364780 0.102594 0.299790
2 0.844929 0.374214 0.104953 0.339623
2 0.195755 0.408805 0.075472 0.324948
3 0.936321 0.403564 0.070755 0.255765
3 0.134434 0.426625 0.042453 0.255765
4 0.986439 0.431866 0.027122 0.232704
4 0.096108 0.446541 0.034198 0.220126
0 0.561910 0.555556 0.102594 0.308176
0 0.458726 0.547170 0.101415 0.303983
1 0.674528 0.585954 0.122642 0.301887
1 0.360259 0.576520 0.095519 0.303983
2 0.786557 0.577568 0.101415 0.385744
3 0.879127 0.640461 0.088443 0.201258
4 0.951651 0.621593 0.056604 0.176101