0 0.579599 0.396226 0.168632 0.354298
0 0.412146 0.406709 0.166274 0.337526
1 0.721698 0.361635 0.110849 0.331237
1 0.274764 0.401468 0.110849 0.293501
2 0.823113 0.353249 0.091981 0.352201
2 0.172170 0.437107 0.089623 0.356394
3 0.898585 0.359539 0.061321 0.289308
3 0.097877 0.460168 0.056604 0.276730
4 0.943986 0.400419 0.027123 0.236897
4 0.051887 0.477987 0.037736 0.224319
5 0.969929 0.394130 0.022406 0.224319
5 0.016509 0.475891 0.033018 0.215933
6 0.990566 0.377358 0.018868 0.144654
0 0.576651 0.810273 0.110849 0.285115
0 0.466981 0.809224 0.103774 0.287212
1 0.685731 0.799790 0.107311 0.289308
1 0.363208 0.825996 0.103774 0.303983
2 0.789505 0.789308 0.095519 0.373166
2 0.264741 0.833857 0.093160 0.332285
3 0.864387 0.771488 0.091981 0.312369
3 0.185731 0.835430 0.090802 0.289308
4 0.920991 0.753669 0.087264 0.243187
4 0.126179 0.829140 0.073113 0.218029
5 0.966981 0.725367 0.066038 0.182390
5 0.063679 0.833333 0.099057 0.184486
6 0.962264 0.603774 0.075472 0.060797
6 0.047759 0.741090 0.095518 0.150943
7 0.981132 0.551363 0.037736 0.039832
7 0.031840 0.678197 0.058962 0.075472