0 0.599057 0.324948 0.172170 0.350105
0 0.420401 0.328092 0.180425 0.348008
1 0.748231 0.306080 0.114387 0.337526
1 0.270047 0.316562 0.117925 0.295597
2 0.859080 0.320755 0.104953 0.354298
2 0.165094 0.356394 0.094340 0.337526
3 0.943396 0.349057 0.066038 0.301887
3 0.087854 0.382600 0.057783 0.289308
4 0.975236 0.404612 0.047170 0.236897
4 0.039505 0.416143 0.045991 0.238994
0 0.498231 0.788260 0.109670 0.283019
1 0.726415 0.816562 0.110849 0.335430
1 0.386792 0.811321 0.113208 0.320755
2 0.831958 0.802935 0.102594 0.392034
2 0.278892 0.813941 0.104953 0.372117
3 0.911557 0.767296 0.096698 0.270440
3 0.194575 0.832285 0.096698 0.329140
4 0.964623 0.792453 0.070754 0.283019
4 0.125590 0.820755 0.090802 0.243187
5 0.057783 0.821803 0.108491 0.211740
6 0.040684 0.710692 0.081368 0.106918
7 0.024764 0.657233 0.044811 0.041929