0 0.594340 0.321803 0.181604 0.354298
0 0.412736 0.324948 0.179245 0.322851
1 0.742925 0.309224 0.117925 0.324948
1 0.265920 0.313417 0.116745 0.299790
2 0.853774 0.318658 0.103774 0.360587
2 0.158608 0.357442 0.095519 0.354298
3 0.936321 0.342767 0.063679 0.308176
3 0.079009 0.386792 0.056604 0.270440
4 0.974057 0.396226 0.051886 0.255765
4 0.031250 0.409853 0.038915 0.232704
0 0.604363 0.781971 0.112028 0.293501
0 0.491745 0.783019 0.110849 0.291405
1 0.721698 0.793501 0.117925 0.303983
1 0.380896 0.801887 0.108491 0.320755
2 0.274175 0.811321 0.102594 0.368973
2 0.831368 0.774633 0.087264 0.337526
3 0.907429 0.765199 0.095519 0.268344
3 0.185731 0.812369 0.095519 0.312369
4 0.964623 0.783019 0.070754 0.262055
4 0.120283 0.810273 0.080189 0.232704
5 0.051887 0.811321 0.103774 0.197065
6 0.042453 0.702306 0.084906 0.104822
7 0.022995 0.649895 0.043632 0.050314