0 0.605542 0.419287 0.173349 0.331237
0 0.433962 0.429769 0.167453 0.331237
1 0.745283 0.376310 0.103774 0.320755
1 0.293632 0.414046 0.108491 0.295597
2 0.846698 0.371069 0.096698 0.356394
2 0.192807 0.459119 0.088443 0.339623
3 0.924528 0.384696 0.056604 0.295597
3 0.119104 0.481132 0.058962 0.262055
4 0.966981 0.415094 0.028302 0.234801
4 0.070165 0.494759 0.038915 0.226415
5 0.990566 0.405660 0.018868 0.194969
5 0.031840 0.486373 0.035377 0.209644
0 0.602594 0.823899 0.115566 0.289308
0 0.494104 0.828092 0.101415 0.285115
1 0.712854 0.829140 0.107311 0.291405
1 0.393278 0.850105 0.100236 0.299790
2 0.813679 0.802935 0.099057 0.356394
2 0.294811 0.844864 0.094340 0.310272
3 0.889741 0.787212 0.090802 0.291405
3 0.216981 0.851153 0.087264 0.268344
4 0.945165 0.770440 0.081368 0.228512
4 0.154481 0.855346 0.077830 0.218029
5 0.978774 0.724319 0.042452 0.136268
5 0.085495 0.850105 0.093160 0.178197
6 0.973467 0.622642 0.053066 0.062893
6 0.057783 0.759958 0.106132 0.136268
7 0.049528 0.700210 0.070755 0.083857
7 0.988208 0.575472 0.023584 0.035639