0 0.610259 0.411950 0.166274 0.341719
0 0.438679 0.421384 0.169811 0.327044
1 0.749410 0.371069 0.112028 0.322851
1 0.297170 0.406709 0.113208 0.301887
2 0.851415 0.362683 0.089623 0.356394
2 0.194575 0.452830 0.091981 0.343816
3 0.926297 0.381551 0.060142 0.272537
3 0.119693 0.475891 0.055425 0.272537
4 0.968750 0.405660 0.027123 0.236897
4 0.073113 0.486373 0.037736 0.243187
5 0.990566 0.400419 0.018868 0.209644
5 0.034788 0.481132 0.034198 0.207547
0 0.603184 0.815514 0.112028 0.272537
0 0.493514 0.823899 0.102594 0.268344
1 0.711675 0.812369 0.102594 0.295597
1 0.392099 0.843816 0.102594 0.303983
2 0.810731 0.790356 0.100236 0.348008
2 0.295401 0.838574 0.090802 0.322851
3 0.888561 0.776730 0.086085 0.283019
3 0.215802 0.848008 0.091981 0.278826
4 0.945165 0.763103 0.079009 0.226415
4 0.151533 0.844864 0.074292 0.222222
5 0.978774 0.716981 0.042452 0.134172
5 0.088443 0.840671 0.101415 0.188679
6 0.971698 0.614256 0.049528 0.071279
6 0.059552 0.755765 0.107311 0.148847
7 0.046580 0.692872 0.064858 0.073375