0 0.580778 0.461216 0.170991 0.329140
0 0.413325 0.466457 0.168632 0.331237
1 0.724057 0.431866 0.113208 0.308176
1 0.273585 0.453878 0.106132 0.289308
2 0.829599 0.410901 0.097877 0.345912
2 0.178066 0.484277 0.082547 0.341719
3 0.913915 0.424528 0.068396 0.280922
3 0.110849 0.503145 0.051887 0.266247
4 0.963443 0.449686 0.033019 0.226415
4 0.068396 0.518868 0.033019 0.230608
5 0.990566 0.432914 0.018868 0.192872
5 0.038915 0.497904 0.025943 0.184486
0 0.556604 0.629979 0.108491 0.314465
0 0.454009 0.626834 0.091981 0.312369
1 0.666863 0.654088 0.114387 0.266247
1 0.355542 0.661426 0.104953 0.285115
2 0.772995 0.644654 0.095519 0.360587
2 0.254127 0.736897 0.095519 0.276730
3 0.860849 0.680294 0.080189 0.201258
3 0.169811 0.734801 0.066038 0.167715
4 0.926297 0.656184 0.064858 0.190776
4 0.111439 0.713836 0.050708 0.155136
5 0.978774 0.641509 0.042452 0.161426
5 0.051297 0.702306 0.064858 0.140461