0 0.422170 0.402516 0.174528 0.327044
0 0.590802 0.397275 0.162736 0.333333
1 0.730542 0.359539 0.112028 0.312369
1 0.279481 0.394130 0.106132 0.293501
2 0.832547 0.343816 0.091981 0.348008
2 0.179835 0.435010 0.090802 0.333333
3 0.908608 0.367925 0.060142 0.283019
3 0.106722 0.467505 0.057783 0.247379
4 0.952241 0.388889 0.029481 0.236897
4 0.058962 0.486373 0.033019 0.222222
5 0.981722 0.390985 0.027123 0.232704
5 0.022995 0.479036 0.036557 0.194969
0 0.594340 0.814465 0.113208 0.274633
0 0.484080 0.817610 0.102594 0.280922
1 0.703420 0.801887 0.107311 0.299790
1 0.382075 0.832285 0.099057 0.306080
2 0.806604 0.779874 0.099057 0.343816
2 0.285377 0.832285 0.096698 0.331237
3 0.879717 0.765199 0.089623 0.289308
3 0.204009 0.839623 0.091981 0.278826
4 0.936910 0.753669 0.074292 0.241090
4 0.145047 0.835430 0.077830 0.215933
5 0.976415 0.720126 0.047170 0.174004
5 0.076061 0.828092 0.095519 0.201258
6 0.969340 0.603774 0.051887 0.067086
6 0.053656 0.749476 0.107311 0.157233
7 0.985849 0.549266 0.028302 0.041929
7 0.034198 0.677149 0.068396 0.071279