0 0.579599 0.398323 0.170991 0.337526
0 0.410967 0.406709 0.173349 0.341719
1 0.721108 0.358491 0.112028 0.324948
1 0.266509 0.402516 0.110849 0.303983
2 0.821344 0.348008 0.093160 0.366876
2 0.165684 0.442348 0.090802 0.341719
3 0.899175 0.368973 0.057783 0.278826
3 0.093750 0.462264 0.053066 0.264151
4 0.942217 0.395178 0.033019 0.230608
4 0.048349 0.486373 0.037736 0.215933
5 0.972877 0.396226 0.028302 0.224319
5 0.015330 0.485325 0.028302 0.176101
6 0.993514 0.378407 0.012972 0.163522
0 0.584906 0.794549 0.113208 0.245283
0 0.477005 0.806080 0.104953 0.251572
1 0.693986 0.786164 0.102594 0.257862
1 0.374410 0.820755 0.097877 0.259958
2 0.795401 0.754717 0.100236 0.291405
2 0.277123 0.817610 0.096698 0.274633
3 0.869104 0.746331 0.091981 0.257862
3 0.193986 0.827044 0.095519 0.251572
4 0.926887 0.749476 0.082547 0.234801
4 0.133844 0.844864 0.074292 0.232704
5 0.966981 0.733753 0.066038 0.190776
5 0.072524 0.841719 0.090802 0.184486
6 0.971108 0.627883 0.057783 0.092243
6 0.047170 0.756813 0.089623 0.161426
7 0.984670 0.566038 0.030660 0.052411
7 0.033019 0.691824 0.058962 0.081761