0 0.579009 0.386792 0.176887 0.350105
0 0.409788 0.401468 0.163915 0.337526
1 0.723467 0.359539 0.107311 0.312369
1 0.268278 0.400419 0.119104 0.293501
2 0.825472 0.348008 0.094340 0.352201
2 0.165094 0.435010 0.084906 0.341719
3 0.900354 0.364780 0.055425 0.285115
3 0.096108 0.460168 0.053066 0.274633
4 0.945165 0.388889 0.031840 0.236897
4 0.051887 0.477987 0.040094 0.226415
5 0.973467 0.380503 0.024764 0.220126
5 0.015330 0.472746 0.030660 0.215933
6 0.992925 0.372117 0.014150 0.161426
0 0.570755 0.789308 0.113208 0.283019
0 0.462264 0.790356 0.101415 0.276730
1 0.681014 0.786164 0.107311 0.297694
1 0.359080 0.814465 0.102594 0.299790
2 0.784198 0.771488 0.096698 0.373166
2 0.261203 0.821803 0.093160 0.343816
3 0.861439 0.757862 0.088443 0.320755
3 0.182783 0.827044 0.087264 0.303983
4 0.917453 0.733753 0.080189 0.238994
4 0.124410 0.811321 0.071934 0.213836
5 0.964623 0.707547 0.070754 0.186583
5 0.058962 0.813417 0.089623 0.176101
6 0.962264 0.584906 0.075472 0.058700
6 0.042453 0.721174 0.084906 0.142558
7 0.981132 0.548218 0.037736 0.064990
7 0.025943 0.658281 0.051886 0.067086