0 0.593160 0.319706 0.179245 0.341719
0 0.411557 0.318658 0.176887 0.335430
1 0.741156 0.302935 0.119104 0.312369
1 0.261792 0.307128 0.117925 0.299790
2 0.849646 0.313417 0.104953 0.371069
2 0.156250 0.349057 0.093160 0.354298
3 0.935142 0.344864 0.066038 0.303983
3 0.079009 0.385744 0.061321 0.276730
4 0.972877 0.389937 0.049528 0.243187
4 0.029481 0.409853 0.040094 0.241090
0 0.603184 0.779874 0.114387 0.293501
0 0.488208 0.783019 0.113208 0.287212
1 0.379127 0.801887 0.112028 0.316562
2 0.270047 0.809224 0.106132 0.368973
2 0.818396 0.790356 0.108491 0.385744
3 0.904481 0.779874 0.094340 0.327044
3 0.182193 0.816562 0.093160 0.320755
4 0.961085 0.776730 0.077830 0.274633
4 0.117925 0.810273 0.084906 0.236897
5 0.051887 0.807128 0.103774 0.197065
6 0.043632 0.708595 0.087264 0.109015
7 0.027123 0.647799 0.049528 0.054507