0 0.566038 0.407757 0.176887 0.316562
0 0.394458 0.341719 0.145047 0.163522
1 0.716981 0.408805 0.122642 0.327044
2 0.837264 0.404612 0.117925 0.364780
3 0.932193 0.419287 0.076651 0.306080
4 0.984080 0.461216 0.029481 0.243187
1 0.653892 0.640461 0.114387 0.278826
2 0.771226 0.653040 0.113208 0.392034
3 0.869104 0.691824 0.082547 0.222222
4 0.939858 0.681342 0.063679 0.197065
5 0.984080 0.654088 0.027123 0.125786
1 0.232311 0.265199 0.061321 0.056604
2 0.139151 0.288260 0.054245 0.098532
0 0.538325 0.672956 0.097877 0.213836