0 0.589033 0.392034 0.185142 0.356394
0 0.408608 0.388889 0.175708 0.345912
1 0.744693 0.378407 0.128538 0.329140
1 0.268868 0.287212 0.084906 0.134172
2 0.865566 0.384696 0.115566 0.375262
2 0.164505 0.253669 0.069575 0.092243
3 0.960495 0.405660 0.079009 0.312369
0 0.564858 0.581761 0.115566 0.320755
0 0.452830 0.577568 0.103774 0.320755
1 0.684552 0.599581 0.121462 0.335430
1 0.345519 0.651992 0.101415 0.180294
2 0.798349 0.620545 0.108491 0.410901
3 0.896816 0.677149 0.088443 0.213836
4 0.969929 0.660377 0.060142 0.197065