0 0.582547 0.407757 0.172170 0.348008
0 0.413325 0.410901 0.168632 0.345912
1 0.724057 0.375262 0.110849 0.329140
1 0.271816 0.416143 0.112028 0.306080
2 0.827241 0.364780 0.093160 0.350105
2 0.169811 0.447589 0.087264 0.348008
3 0.902123 0.381551 0.058962 0.274633
3 0.096698 0.474843 0.051887 0.264151
4 0.945755 0.403564 0.030660 0.247379
4 0.051887 0.493711 0.037736 0.226415
5 0.972288 0.400419 0.027123 0.232704
5 0.017099 0.485325 0.029481 0.209644
6 0.993514 0.393082 0.012972 0.159329
0 0.574882 0.809224 0.112028 0.287212
0 0.466392 0.816562 0.104953 0.301887
1 0.683373 0.811321 0.102594 0.303983
1 0.363797 0.834382 0.102594 0.308176
2 0.786557 0.795597 0.101415 0.377358
2 0.264151 0.832285 0.096698 0.324948
3 0.866745 0.775681 0.094340 0.303983
3 0.185142 0.841719 0.087264 0.285115
4 0.920401 0.757862 0.081368 0.234801
4 0.126769 0.832285 0.074292 0.215933
5 0.969929 0.736897 0.060142 0.192872
5 0.063090 0.831237 0.090802 0.188679
6 0.962264 0.612159 0.075472 0.056604
6 0.044222 0.748428 0.088443 0.157233
7 0.980542 0.559748 0.038915 0.048218
7 0.027712 0.681342 0.055424 0.077568