0 0.532295 0.136060 0.124212 0.218698
0 0.403115 0.134391 0.131664 0.225376
1 0.641601 0.152755 0.091917 0.168614
1 0.304367 0.167780 0.105580 0.171953
2 0.714886 0.225376 0.111790 0.176962
2 0.237293 0.244574 0.127938 0.175292
3 0.764571 0.354758 0.129180 0.168614
3 0.200650 0.374791 0.139117 0.141903
4 0.825434 0.477462 0.119243 0.180301
4 0.162145 0.505843 0.144085 0.150250
5 0.847792 0.679466 0.173896 0.263773
5 0.150965 0.689482 0.186317 0.247078
6 0.885677 0.878965 0.162717 0.212020
6 0.127365 0.898998 0.183833 0.202003