0 0.590802 0.390985 0.169811 0.333333
0 0.419811 0.397275 0.167453 0.337526
1 0.732901 0.379455 0.114387 0.306080
1 0.284198 0.377358 0.101415 0.285115
2 0.843750 0.374214 0.109670 0.350105
2 0.191627 0.408805 0.081368 0.331237
3 0.935142 0.405660 0.068396 0.270440
3 0.128538 0.431866 0.049528 0.251572
4 0.984080 0.440252 0.031840 0.234801
4 0.089623 0.459119 0.030660 0.197065
0 0.566627 0.588050 0.102594 0.266247
0 0.462854 0.591195 0.107311 0.285115
1 0.676887 0.601677 0.117925 0.238994
1 0.360849 0.593291 0.099057 0.285115
2 0.786557 0.589099 0.099057 0.368973
3 0.877358 0.641509 0.084906 0.192872
4 0.948703 0.626834 0.057783 0.176101