0 0.594340 0.321803 0.179245 0.350105
0 0.410967 0.325996 0.180425 0.333333
1 0.744104 0.303983 0.115566 0.331237
1 0.262382 0.311321 0.109670 0.295597
2 0.853774 0.315514 0.103774 0.354298
2 0.158608 0.351153 0.097877 0.345912
3 0.936321 0.341719 0.061321 0.301887
3 0.080778 0.387841 0.060142 0.276730
4 0.973467 0.393082 0.050708 0.249476
4 0.030660 0.408805 0.037736 0.243187
0 0.602594 0.780922 0.117925 0.295597
0 0.488797 0.784067 0.109670 0.301887
1 0.379717 0.799790 0.103774 0.312369
2 0.823703 0.786164 0.100236 0.381551
2 0.274764 0.812369 0.106132 0.375262
3 0.906840 0.784067 0.101415 0.331237
3 0.184552 0.813417 0.093160 0.310273
4 0.962854 0.776730 0.074292 0.270440
4 0.122052 0.807128 0.086085 0.243187
5 0.051887 0.813417 0.103774 0.209644
6 0.045401 0.704403 0.088443 0.096436
7 0.028892 0.658281 0.055425 0.067086