0 0.581368 0.458071 0.167453 0.331237
0 0.412736 0.464361 0.165094 0.322851
1 0.722288 0.428721 0.112028 0.314465
1 0.275943 0.451782 0.108491 0.289308
2 0.828420 0.406709 0.102594 0.350105
2 0.179245 0.475891 0.082547 0.341719
3 0.912146 0.428721 0.064858 0.272537
3 0.112618 0.506289 0.050708 0.268344
4 0.961675 0.450734 0.036557 0.228512
4 0.068396 0.514675 0.033019 0.218029
5 0.990566 0.437107 0.018868 0.197065
5 0.037146 0.497904 0.029481 0.201258
0 0.558962 0.623690 0.108491 0.314465
0 0.455189 0.622642 0.099057 0.312369
1 0.669811 0.647799 0.113208 0.274633
1 0.351415 0.659329 0.106132 0.289308
2 0.774175 0.636268 0.095519 0.360587
2 0.251769 0.727463 0.093160 0.270440
3 0.860849 0.676101 0.080189 0.188679
3 0.170991 0.724319 0.068396 0.167715
4 0.925708 0.657233 0.061321 0.184486
4 0.111439 0.715933 0.050708 0.150943
5 0.978184 0.634172 0.043632 0.150943
5 0.053066 0.696017 0.063679 0.140461