0 0.568986 0.389937 0.173349 0.350105
0 0.395637 0.396226 0.170991 0.320755
1 0.716981 0.383648 0.122642 0.312369
1 0.255307 0.372117 0.104953 0.293501
2 0.830778 0.380503 0.112028 0.348008
2 0.163325 0.399371 0.083726 0.335430
3 0.926887 0.394130 0.077830 0.303983
3 0.100825 0.415094 0.041274 0.266247
4 0.982311 0.431866 0.035377 0.236897
4 0.061321 0.436059 0.028302 0.215933
0 0.543042 0.569182 0.095519 0.306080
0 0.436910 0.563941 0.100236 0.299790
1 0.655071 0.587002 0.114387 0.312369
1 0.333726 0.583857 0.096698 0.322851
2 0.765330 0.611111 0.103774 0.373166
2 0.229363 0.661426 0.104953 0.322851
3 0.859080 0.627883 0.093160 0.272537
3 0.152123 0.637317 0.080189 0.241090
4 0.931014 0.625786 0.076651 0.230608
4 0.094929 0.638365 0.036557 0.180294
5 0.043042 0.607442 0.064858 0.149895
5 0.984080 0.617400 0.031840 0.146751
5 0.033608 0.474843 0.027123 0.067086
6 0.021226 0.590147 0.042452 0.136268