0 0.579009 0.461216 0.172170 0.337526
0 0.411557 0.467505 0.162736 0.341719
1 0.722288 0.429769 0.114387 0.308176
1 0.275943 0.455975 0.108491 0.297694
2 0.828420 0.419287 0.100236 0.341719
2 0.179835 0.487421 0.086085 0.335430
3 0.911557 0.436059 0.068396 0.262055
3 0.110849 0.508386 0.044811 0.264151
4 0.962854 0.452830 0.036557 0.228512
4 0.070165 0.520964 0.034198 0.222222
5 0.989387 0.438155 0.021226 0.199161
5 0.038325 0.501048 0.029481 0.182390
0 0.557193 0.620545 0.102594 0.308176
0 0.454009 0.624738 0.103774 0.308176
1 0.668042 0.651992 0.121462 0.278826
1 0.352594 0.663522 0.101415 0.297694
2 0.773585 0.650943 0.094340 0.364780
2 0.252948 0.734801 0.095519 0.272537
3 0.859080 0.683438 0.076651 0.199161
3 0.170401 0.732704 0.069575 0.167715
4 0.924528 0.661426 0.068396 0.192872
4 0.110259 0.719078 0.048349 0.153040
5 0.978184 0.642558 0.043632 0.155136
5 0.051887 0.704403 0.063679 0.144654