0 0.573703 0.397275 0.173349 0.335430
0 0.397406 0.399371 0.169811 0.322851
1 0.719340 0.380503 0.113208 0.318658
1 0.257665 0.371069 0.100236 0.303983
2 0.837264 0.379455 0.117925 0.358491
2 0.167453 0.403564 0.089623 0.335430
3 0.928066 0.401468 0.077830 0.293501
3 0.099646 0.425577 0.038915 0.257862
4 0.985259 0.437107 0.029481 0.238994
4 0.067807 0.446541 0.034198 0.211740
0 0.550118 0.564990 0.100236 0.322851
0 0.439858 0.557652 0.087264 0.320755
1 0.659788 0.605870 0.104953 0.303983
1 0.336085 0.592243 0.099057 0.322851
2 0.764741 0.600629 0.102594 0.419287
2 0.231132 0.647799 0.106132 0.320755
3 0.862618 0.632075 0.095519 0.276730
3 0.159198 0.633124 0.080189 0.257862
4 0.938679 0.621593 0.066038 0.222222
4 0.097288 0.636268 0.043632 0.167715
5 0.983491 0.615304 0.033018 0.150943
5 0.043042 0.624214 0.057783 0.149895
5 0.035967 0.474843 0.027123 0.062893
6 0.023585 0.596436 0.047170 0.132075