0 0.595519 0.317610 0.181604 0.337526
0 0.413325 0.322851 0.178066 0.335430
1 0.747052 0.299790 0.116745 0.322851
1 0.266509 0.301887 0.117925 0.301887
2 0.856132 0.314465 0.099057 0.360587
2 0.162146 0.352201 0.093160 0.343816
3 0.939269 0.339623 0.064858 0.318658
3 0.082547 0.379455 0.058962 0.280922
4 0.979953 0.390985 0.040094 0.253669
4 0.032429 0.406709 0.038915 0.234801
0 0.609670 0.763103 0.117925 0.293501
0 0.494693 0.770440 0.112028 0.287212
1 0.724057 0.774633 0.117925 0.308176
1 0.384434 0.783019 0.108491 0.320755
2 0.275354 0.801887 0.107311 0.396226
3 0.191627 0.802935 0.093160 0.322851
3 0.925118 0.752621 0.071934 0.289308
4 0.965802 0.767296 0.068396 0.272537
4 0.125590 0.800839 0.081368 0.234801
5 0.057193 0.799790 0.107311 0.203354
6 0.042453 0.718029 0.084906 0.144654
7 0.025943 0.644654 0.040094 0.060797