0 0.591981 0.320755 0.176887 0.360587
0 0.410377 0.325996 0.179245 0.341719
1 0.741745 0.308176 0.117925 0.327044
1 0.261203 0.313417 0.112028 0.303983
2 0.853184 0.317610 0.102594 0.371069
2 0.156840 0.355346 0.091981 0.350105
3 0.934552 0.349057 0.064858 0.303983
3 0.079009 0.384696 0.061321 0.278826
4 0.972288 0.397275 0.050708 0.253669
4 0.029481 0.410901 0.035377 0.243187
0 0.603184 0.768344 0.112028 0.249476
0 0.488797 0.784067 0.109670 0.272537
1 0.715212 0.806080 0.112028 0.324948
1 0.378538 0.813417 0.108491 0.327044
2 0.821934 0.805031 0.103774 0.385744
2 0.270637 0.817610 0.107311 0.364780
3 0.904481 0.795597 0.099057 0.329140
3 0.181604 0.824948 0.094340 0.320755
4 0.117925 0.820755 0.084906 0.249476
5 0.051297 0.818658 0.102594 0.203354
5 0.961675 0.788260 0.076650 0.272537
6 0.041863 0.709644 0.083726 0.102725
7 0.022406 0.656184 0.040094 0.046122