0 0.553066 0.421384 0.183962 0.356394
0 0.368514 0.419287 0.178066 0.335430
1 0.706958 0.408805 0.126179 0.322851
1 0.229363 0.360587 0.095519 0.255765
2 0.830189 0.410901 0.113208 0.373166
2 0.130307 0.322851 0.076651 0.155136
3 0.926297 0.425577 0.079009 0.314465
3 0.064858 0.360587 0.044811 0.125786
4 0.984080 0.462264 0.031840 0.245283
0 0.528302 0.638365 0.113208 0.278826
1 0.646226 0.643606 0.117925 0.314465
2 0.760613 0.662474 0.108491 0.394130
3 0.862028 0.696017 0.091981 0.209644
4 0.938679 0.680294 0.063679 0.199161
5 0.985849 0.650943 0.028302 0.136268