0 0.599057 0.315514 0.179245 0.358491
0 0.419222 0.318658 0.175708 0.343816
1 0.750000 0.305031 0.122642 0.320755
1 0.270637 0.312369 0.121462 0.285115
2 0.858491 0.315514 0.094340 0.362683
2 0.163915 0.349057 0.096698 0.350105
3 0.939858 0.343816 0.066038 0.306080
3 0.084316 0.381551 0.055425 0.280922
4 0.981722 0.395178 0.036556 0.249476
4 0.034788 0.407757 0.043632 0.236897
0 0.612618 0.770440 0.119104 0.291405
0 0.497642 0.768344 0.110849 0.287212
1 0.726415 0.775681 0.113208 0.318658
1 0.389741 0.784067 0.107311 0.318658
2 0.281840 0.803983 0.110849 0.383648
3 0.192217 0.800839 0.091981 0.301887
4 0.129717 0.793501 0.082547 0.228512
4 0.969340 0.754717 0.061320 0.243187
5 0.047170 0.795597 0.094340 0.199161
6 0.044811 0.722222 0.089622 0.148847
7 0.027123 0.644654 0.042453 0.056604