0 0.607311 0.406709 0.167453 0.335430
0 0.436321 0.417191 0.169811 0.331237
1 0.745283 0.371069 0.106132 0.314465
1 0.293632 0.411950 0.115566 0.295597
2 0.846108 0.345912 0.093160 0.368973
2 0.191627 0.446541 0.088443 0.335430
3 0.921580 0.374214 0.060142 0.283019
3 0.118514 0.471698 0.062500 0.251572
4 0.964623 0.402516 0.028302 0.234801
4 0.070165 0.486373 0.031840 0.222222
5 0.988208 0.394130 0.023584 0.209644
5 0.035377 0.480084 0.040094 0.205451
0 0.600236 0.807128 0.110849 0.280922
0 0.489976 0.816562 0.104953 0.278826
1 0.709906 0.803983 0.108491 0.291405
1 0.387972 0.832285 0.099057 0.301887
2 0.813679 0.785115 0.091981 0.354298
2 0.290094 0.838574 0.094340 0.322851
3 0.882075 0.771488 0.089623 0.293501
3 0.209316 0.837526 0.083726 0.278826
4 0.938679 0.748428 0.075472 0.222222
4 0.147406 0.828092 0.073113 0.213836
5 0.978184 0.714885 0.041274 0.138365
5 0.084906 0.832285 0.099057 0.180294
6 0.974646 0.604822 0.050708 0.069182
6 0.056604 0.751572 0.103774 0.153040
7 0.044811 0.676101 0.054245 0.060797