0 0.593750 0.395178 0.180425 0.364780
0 0.411557 0.392034 0.172170 0.350105
1 0.748821 0.382600 0.125000 0.335430
1 0.270047 0.263103 0.075472 0.096436
2 0.872642 0.392034 0.115566 0.366876
3 0.964623 0.419287 0.070754 0.308176
0 0.568396 0.588050 0.108491 0.318658
0 0.455189 0.585954 0.108491 0.343816
1 0.682783 0.607966 0.117925 0.333333
1 0.349646 0.661426 0.095519 0.192872
2 0.799528 0.625786 0.108491 0.406709
2 0.165094 0.257862 0.056604 0.077568
3 0.899764 0.680294 0.091981 0.209644
4 0.971698 0.667715 0.056604 0.197065