0 0.572524 0.445493 0.170991 0.318658
0 0.403892 0.450734 0.168632 0.324948
1 0.716981 0.418239 0.113208 0.310273
1 0.266509 0.441300 0.106132 0.297694
2 0.821934 0.393082 0.096698 0.343816
2 0.170991 0.470650 0.084906 0.343816
3 0.903892 0.403564 0.069575 0.280922
3 0.102594 0.490566 0.049528 0.266247
4 0.955778 0.429769 0.031840 0.215933
4 0.061910 0.503145 0.029481 0.241090
5 0.985849 0.423480 0.028302 0.194969
5 0.033608 0.479036 0.024764 0.192872
0 0.549528 0.610063 0.103774 0.312369
0 0.448113 0.610063 0.096698 0.312369
1 0.661557 0.635220 0.120283 0.270440
1 0.345519 0.649895 0.106132 0.303983
2 0.768868 0.628931 0.089623 0.362683
2 0.246462 0.722222 0.091981 0.259958
3 0.853184 0.662474 0.079009 0.199161
3 0.162736 0.720126 0.073113 0.159329
4 0.917453 0.638365 0.066038 0.188679
4 0.104953 0.693920 0.044811 0.144654
5 0.974646 0.618449 0.050708 0.157233
5 0.047170 0.688679 0.073113 0.134172