0 0.560731 0.419287 0.187500 0.360587
0 0.379127 0.367925 0.175708 0.232704
1 0.716981 0.406709 0.122642 0.327044
2 0.836085 0.407757 0.115566 0.371069
3 0.933373 0.427673 0.076651 0.310273
4 0.985259 0.466457 0.029481 0.257862
1 0.655660 0.639413 0.113208 0.327044
2 0.767099 0.655136 0.107311 0.412998
3 0.867925 0.694969 0.091981 0.211740
4 0.945165 0.685535 0.060142 0.205451
5 0.988208 0.660377 0.023584 0.125786
1 0.237618 0.270440 0.071934 0.075472
2 0.132075 0.307128 0.066038 0.119497
0 0.533019 0.687631 0.087264 0.176101