0 0.594929 0.394130 0.178066 0.327044
0 0.422170 0.399371 0.167453 0.324948
1 0.740566 0.377358 0.115566 0.306080
1 0.285967 0.382600 0.102594 0.283019
2 0.851415 0.376310 0.106132 0.341719
2 0.194575 0.405660 0.075472 0.316562
3 0.941038 0.407757 0.070755 0.266247
3 0.135613 0.440252 0.042453 0.251572
4 0.988208 0.443396 0.023584 0.228512
4 0.097877 0.462264 0.030660 0.194969
0 0.574882 0.563941 0.104953 0.280922
0 0.471698 0.566038 0.103774 0.285115
1 0.685731 0.599581 0.119104 0.251572
1 0.368514 0.590147 0.102594 0.287212
2 0.793042 0.585954 0.095519 0.379455
2 0.268278 0.637317 0.095519 0.293501
3 0.882075 0.642558 0.082547 0.203354
3 0.186910 0.654088 0.062500 0.176101
4 0.953420 0.634172 0.060142 0.182390
4 0.133255 0.637317 0.047170 0.142558