0 0.581368 0.394130 0.169811 0.343816
0 0.412146 0.398323 0.168632 0.335430
1 0.721698 0.346960 0.110849 0.333333
1 0.272995 0.389937 0.112028 0.301887
2 0.824882 0.339623 0.093160 0.356394
2 0.168042 0.431866 0.095519 0.335430
3 0.899175 0.356394 0.060142 0.285115
3 0.094340 0.451782 0.051887 0.262055
4 0.943986 0.384696 0.029481 0.228512
4 0.048349 0.479036 0.040094 0.215933
5 0.972877 0.377358 0.030660 0.226415
5 0.014151 0.463312 0.028302 0.180294
6 0.993514 0.363732 0.012972 0.148847
0 0.587264 0.797694 0.110849 0.291405
0 0.476415 0.806080 0.103774 0.283019
1 0.695755 0.794549 0.103774 0.285115
1 0.373821 0.828092 0.103774 0.297694
2 0.796580 0.767296 0.095519 0.339623
2 0.274764 0.829140 0.096698 0.316562
3 0.875000 0.752621 0.091981 0.293501
3 0.193396 0.836478 0.084906 0.293501
4 0.928656 0.750524 0.076651 0.247379
4 0.132665 0.830189 0.074292 0.226415
5 0.972288 0.720126 0.055424 0.174004
5 0.070165 0.833333 0.095519 0.190776
6 0.966981 0.597484 0.066038 0.067086
6 0.048939 0.746331 0.097877 0.159329
7 0.983491 0.545073 0.033018 0.041929
7 0.030071 0.665618 0.053066 0.056604