0 0.602005 0.406709 0.166274 0.324948
0 0.431604 0.404612 0.169811 0.316562
1 0.745283 0.382600 0.120283 0.301887
1 0.296580 0.386792 0.097877 0.276730
2 0.857311 0.383648 0.096698 0.329140
2 0.206368 0.417191 0.080189 0.320755
3 0.943396 0.420335 0.066038 0.264151
3 0.142099 0.439203 0.048349 0.251572
4 0.988797 0.446541 0.022406 0.220126
4 0.102005 0.471698 0.031840 0.186583
1 0.679245 0.598532 0.122642 0.268344
2 0.793042 0.595388 0.104953 0.354298
3 0.887382 0.644654 0.083726 0.209644
4 0.958137 0.645702 0.055425 0.186583
6 0.066038 0.585954 0.042453 0.075472
5 0.106132 0.606918 0.044811 0.075472