0 0.593160 0.322851 0.181604 0.352201
0 0.411557 0.324948 0.181604 0.339623
1 0.743514 0.311321 0.116745 0.308176
1 0.264151 0.313417 0.115566 0.299790
2 0.854363 0.324948 0.102594 0.356394
2 0.157429 0.355346 0.093160 0.350105
3 0.936321 0.346960 0.061321 0.303983
3 0.081368 0.385744 0.058962 0.272537
4 0.972877 0.402516 0.049528 0.238994
4 0.029481 0.414046 0.037736 0.232704
0 0.604953 0.780922 0.120283 0.278826
0 0.489976 0.784067 0.112028 0.285115
1 0.380307 0.797694 0.107311 0.312369
2 0.272406 0.811321 0.106132 0.373166
1 0.719340 0.792453 0.099057 0.318658
3 0.183373 0.814465 0.095519 0.308176
3 0.910377 0.769392 0.094340 0.285115
4 0.963443 0.780922 0.073113 0.274633
4 0.120283 0.809224 0.082547 0.234801
5 0.053656 0.812369 0.107311 0.194969
6 0.044222 0.706499 0.088443 0.104822
7 0.026533 0.650943 0.050708 0.056604