0 0.577830 0.402516 0.169811 0.324948
0 0.410377 0.408805 0.167453 0.329140
1 0.717571 0.370021 0.107311 0.318658
1 0.269458 0.398323 0.112028 0.303983
2 0.820755 0.350105 0.094340 0.362683
2 0.167453 0.440252 0.089623 0.341719
3 0.900354 0.361635 0.060142 0.280922
3 0.094340 0.466457 0.051887 0.255765
4 0.943986 0.395178 0.029481 0.238994
4 0.047759 0.472746 0.036557 0.226415
5 0.972877 0.384696 0.028302 0.222222
5 0.015330 0.476939 0.028302 0.180294
6 0.992925 0.367925 0.014150 0.159329
0 0.584316 0.781971 0.112028 0.236897
0 0.476415 0.787212 0.106132 0.226415
1 0.695165 0.764151 0.107311 0.222222
1 0.373231 0.789308 0.097877 0.222222
2 0.794222 0.741090 0.095519 0.264151
2 0.278302 0.799790 0.091981 0.251572
3 0.872642 0.732704 0.094340 0.218029
3 0.195755 0.812369 0.084906 0.226415
4 0.927476 0.734801 0.079009 0.197065
4 0.136203 0.833333 0.074292 0.209644
5 0.971698 0.719078 0.056604 0.174004
5 0.072524 0.830189 0.097877 0.178197
6 0.970519 0.609015 0.058962 0.058700
6 0.045991 0.750524 0.091981 0.153040
7 0.981132 0.559748 0.037736 0.048218
7 0.030071 0.688679 0.060142 0.075472