0 0.587854 0.397275 0.170991 0.312369
0 0.418632 0.405660 0.162736 0.316562
1 0.729953 0.381551 0.113208 0.301887
1 0.285377 0.382600 0.103774 0.283019
2 0.839033 0.382600 0.102594 0.337526
2 0.194575 0.412998 0.077830 0.322851
3 0.928066 0.411950 0.075472 0.270440
3 0.130896 0.442348 0.047170 0.238994
4 0.983491 0.442348 0.033018 0.222222
4 0.093160 0.448637 0.028302 0.209644
0 0.570165 0.779874 0.112028 0.276730
0 0.462854 0.777778 0.102594 0.280922
1 0.680425 0.791405 0.110849 0.299790
1 0.361439 0.793501 0.097877 0.299790
2 0.785967 0.786164 0.100236 0.364780
2 0.264741 0.800839 0.093160 0.352201
3 0.870873 0.778826 0.090802 0.308176
3 0.195755 0.778826 0.082547 0.262055
4 0.935142 0.764151 0.084906 0.236897
4 0.146226 0.779874 0.066038 0.209644
5 0.977594 0.721174 0.044811 0.142558
5 0.093750 0.770440 0.083726 0.174004