0 0.594929 0.397275 0.168632 0.335430
0 0.423939 0.398323 0.168632 0.320755
1 0.736439 0.376310 0.116745 0.297694
1 0.290094 0.378407 0.101415 0.297694
2 0.846108 0.380503 0.104953 0.335430
2 0.201061 0.409853 0.076651 0.327044
3 0.940448 0.409853 0.074292 0.251572
3 0.138561 0.441300 0.050708 0.243187
4 0.988208 0.437107 0.023584 0.226415
4 0.096698 0.457023 0.033019 0.203354
0 0.567217 0.583857 0.101415 0.280922
0 0.465212 0.579665 0.100236 0.285115
1 0.678066 0.594340 0.120283 0.259958
1 0.367335 0.549266 0.097877 0.257862
2 0.791274 0.594340 0.103774 0.360587
2 0.277712 0.559748 0.076651 0.215933
3 0.880307 0.640461 0.079009 0.226415
3 0.199882 0.629979 0.076651 0.121593
4 0.950472 0.638365 0.063679 0.197065
4 0.136203 0.633124 0.048349 0.136268
5 0.084316 0.616352 0.055425 0.115304
6 0.060731 0.582809 0.038915 0.069182