0 0.597877 0.401468 0.165094 0.327044
0 0.429835 0.401468 0.166274 0.327044
1 0.741745 0.375262 0.120283 0.295597
1 0.292453 0.383648 0.106132 0.291405
2 0.852594 0.382600 0.096698 0.331237
2 0.201061 0.418239 0.074292 0.318658
3 0.939269 0.412998 0.076651 0.253669
3 0.141509 0.440252 0.047170 0.253669
4 0.988797 0.446541 0.022406 0.215933
4 0.101415 0.462264 0.035377 0.213836
0 0.573113 0.588050 0.106132 0.264151
0 0.469340 0.578616 0.094340 0.245283
1 0.683962 0.606918 0.113208 0.268344
1 0.371462 0.589099 0.103774 0.232704
2 0.793042 0.593291 0.104953 0.362683
2 0.274764 0.606918 0.089623 0.234801
3 0.884434 0.647799 0.080189 0.220126
3 0.195165 0.646751 0.071934 0.146751
4 0.957547 0.636268 0.061321 0.192872
4 0.134434 0.647799 0.049528 0.157233
5 0.081368 0.635220 0.056604 0.127883
6 0.058373 0.596436 0.045991 0.062893