0 0.581958 0.388889 0.185142 0.379455
0 0.397995 0.384696 0.182783 0.350105
1 0.735849 0.380503 0.122642 0.324948
1 0.263561 0.310273 0.088443 0.184486
2 0.857311 0.390985 0.120283 0.371069
2 0.157429 0.266247 0.067217 0.096436
3 0.956958 0.403564 0.081368 0.312369
0 0.557193 0.595388 0.112028 0.314465
0 0.444575 0.581761 0.106132 0.299790
1 0.672170 0.625786 0.117925 0.287212
1 0.335495 0.659329 0.100236 0.203354
2 0.788325 0.622642 0.112028 0.415094
3 0.889741 0.678197 0.088443 0.199161
4 0.961085 0.668763 0.077830 0.213836