0 0.603184 0.319706 0.178066 0.345912
0 0.417453 0.320755 0.183962 0.331237
1 0.751179 0.307128 0.120283 0.316562
1 0.270047 0.311321 0.115566 0.295597
2 0.859670 0.316562 0.096698 0.364780
2 0.165094 0.352201 0.094340 0.343816
3 0.942807 0.342767 0.064858 0.308176
3 0.089623 0.383648 0.063679 0.272537
4 0.979363 0.387841 0.041274 0.259958
4 0.036557 0.405660 0.037736 0.241090
0 0.612028 0.768344 0.115566 0.291405
0 0.498821 0.770440 0.110849 0.291405
1 0.727005 0.781971 0.112028 0.331237
1 0.390330 0.792453 0.110849 0.331237
2 0.281840 0.806080 0.101415 0.379455
2 0.836675 0.747379 0.107311 0.341719
3 0.918042 0.743187 0.097877 0.278826
3 0.192807 0.800839 0.095519 0.306080
4 0.969340 0.754717 0.061320 0.234801
4 0.127948 0.796646 0.083726 0.230608
5 0.060142 0.799790 0.110849 0.190776
6 0.045991 0.713836 0.091981 0.140461
7 0.031840 0.640461 0.040094 0.044025