0 0.551887 0.418239 0.183962 0.358491
0 0.372052 0.416143 0.170991 0.341719
1 0.707547 0.408805 0.120283 0.327044
1 0.233491 0.362683 0.096698 0.238994
2 0.828420 0.409853 0.116745 0.371069
2 0.133844 0.306080 0.074292 0.134172
3 0.926297 0.426625 0.079009 0.324948
3 0.066627 0.361635 0.045991 0.115304
4 0.982311 0.460168 0.035377 0.245283
1 0.642689 0.644654 0.120283 0.303983
2 0.758255 0.647799 0.106132 0.398323
3 0.859080 0.696017 0.088443 0.201258
4 0.936321 0.682390 0.066038 0.190776
5 0.984670 0.645702 0.030660 0.125786
0 0.525354 0.690776 0.100236 0.182390