0 0.599057 0.409853 0.169811 0.327044
0 0.431604 0.410901 0.165094 0.312369
1 0.744693 0.383648 0.121462 0.308176
1 0.297170 0.388889 0.101415 0.285115
2 0.857901 0.381551 0.104953 0.337526
2 0.205189 0.417191 0.082547 0.341719
3 0.945165 0.423480 0.074292 0.262055
3 0.140330 0.441300 0.044811 0.255765
4 0.990566 0.446541 0.018868 0.228512
4 0.102005 0.470650 0.036557 0.213836
1 0.687500 0.618449 0.110849 0.257862
0 0.577830 0.557652 0.099057 0.220126
0 0.474646 0.559748 0.100236 0.224319
1 0.373821 0.567086 0.101415 0.184486
2 0.794811 0.602725 0.101415 0.360587
2 0.287736 0.570231 0.068396 0.207547
3 0.887972 0.654088 0.082547 0.203354
3 0.208726 0.651992 0.082547 0.123690
4 0.956958 0.645702 0.060142 0.174004
4 0.140330 0.654088 0.051887 0.161426
5 0.097288 0.631027 0.043632 0.098532
6 0.063090 0.594340 0.043632 0.075472