0 0.556014 0.417191 0.187500 0.360587
0 0.374410 0.410901 0.175708 0.322851
1 0.711085 0.406709 0.122642 0.322851
2 0.833726 0.407757 0.115566 0.366876
3 0.926887 0.422432 0.080189 0.320755
4 0.984080 0.455975 0.031840 0.253669
1 0.648585 0.638365 0.120283 0.329140
2 0.764151 0.657233 0.106132 0.400419
3 0.863797 0.700210 0.090802 0.218029
4 0.937500 0.680294 0.063679 0.199161
5 0.984670 0.646751 0.030660 0.127883
1 0.237028 0.331237 0.087264 0.188679
2 0.132075 0.321803 0.073113 0.148847
3 0.064858 0.341719 0.049528 0.113208
0 0.534198 0.697065 0.101415 0.199161