0 0.553656 0.423480 0.185142 0.352201
0 0.375590 0.398323 0.168632 0.301887
1 0.708137 0.407757 0.121462 0.324948
2 0.830778 0.405660 0.114387 0.375262
3 0.927476 0.428721 0.071934 0.316562
4 0.982311 0.461216 0.035377 0.243187
1 0.647995 0.631027 0.114387 0.331237
2 0.762382 0.646751 0.112028 0.404612
3 0.863208 0.697065 0.087264 0.211740
4 0.936910 0.686583 0.062500 0.194969
5 0.984080 0.658281 0.031840 0.138365
1 0.241156 0.311321 0.090802 0.144654
2 0.129717 0.299790 0.070755 0.129979
0 0.530071 0.685535 0.102594 0.176101