0 0.583137 0.312369 0.175708 0.354298
0 0.403302 0.313417 0.183962 0.348008
1 0.731722 0.295597 0.121462 0.333333
1 0.252948 0.300839 0.119104 0.310273
2 0.843750 0.308176 0.104953 0.366876
2 0.146816 0.353249 0.088443 0.352201
3 0.927476 0.337526 0.064858 0.295597
3 0.072524 0.380503 0.060142 0.276730
4 0.964623 0.387841 0.058962 0.241090
4 0.025354 0.407757 0.038915 0.238994
0 0.479953 0.774633 0.108491 0.293501
1 0.367925 0.805031 0.108491 0.329140
1 0.704009 0.791405 0.115566 0.306080
2 0.813090 0.789308 0.102594 0.402516
2 0.261792 0.810797 0.103774 0.378406
3 0.896816 0.783019 0.100236 0.314465
3 0.175118 0.816562 0.095519 0.327044
4 0.958726 0.778826 0.082547 0.259958
4 0.114976 0.809224 0.081368 0.249476
5 0.049528 0.808176 0.099056 0.201258
6 0.035967 0.689727 0.071934 0.085954
7 0.020047 0.645702 0.040094 0.056604