0 0.599646 0.322851 0.180425 0.335430
0 0.420401 0.327044 0.178066 0.327044
1 0.748821 0.309224 0.115566 0.312369
1 0.270637 0.310273 0.116745 0.293501
2 0.859670 0.317610 0.099057 0.350105
2 0.166274 0.354298 0.091981 0.339623
3 0.943396 0.346960 0.063679 0.303983
3 0.086675 0.383648 0.062500 0.280922
4 0.979363 0.394130 0.041274 0.247379
4 0.033608 0.415094 0.036557 0.230608
0 0.609670 0.780922 0.115566 0.299790
0 0.498231 0.779874 0.112028 0.301887
1 0.722877 0.781971 0.115566 0.310273
1 0.385024 0.796646 0.112028 0.310273
2 0.828420 0.737945 0.102594 0.301887
2 0.277712 0.809224 0.100236 0.368973
3 0.911557 0.754717 0.091981 0.276730
3 0.194575 0.810273 0.091981 0.303983
4 0.127948 0.802935 0.086085 0.234801
4 0.965802 0.772537 0.068396 0.249476
5 0.058962 0.802935 0.106132 0.201258
6 0.047759 0.708595 0.095518 0.117400
7 0.027123 0.646751 0.044811 0.052411