0 0.595519 0.405660 0.167453 0.320755
0 0.423349 0.401468 0.167453 0.312369
1 0.738208 0.379455 0.115566 0.310273
1 0.288915 0.384696 0.096698 0.287212
2 0.848467 0.383648 0.104953 0.343816
2 0.197524 0.400419 0.079009 0.306080
3 0.934552 0.408805 0.067217 0.272537
3 0.133255 0.435010 0.047170 0.211740
4 0.984670 0.444444 0.030660 0.226415
4 0.096108 0.452830 0.024764 0.176101
0 0.568986 0.584906 0.100236 0.272537
0 0.462854 0.591195 0.104953 0.276730
1 0.677476 0.617400 0.119104 0.266247
1 0.361439 0.605870 0.100236 0.264151
2 0.788325 0.605870 0.104953 0.360587
3 0.879717 0.655136 0.075472 0.199161
4 0.949292 0.640461 0.063679 0.186583