0 0.599057 0.398323 0.169811 0.316562
0 0.430425 0.398323 0.167453 0.316562
1 0.742335 0.375262 0.114387 0.303983
1 0.295991 0.375262 0.106132 0.291405
2 0.853774 0.372117 0.106132 0.335430
2 0.200472 0.415094 0.080189 0.320755
3 0.944575 0.407757 0.070755 0.272537
3 0.138561 0.435010 0.043632 0.243187
4 0.989976 0.441300 0.020047 0.230608
4 0.102005 0.453878 0.029481 0.209644
0 0.577830 0.575472 0.101415 0.251572
0 0.475236 0.576520 0.096698 0.253669
1 0.689269 0.611111 0.121462 0.238994
1 0.372642 0.592243 0.106132 0.247379
2 0.795991 0.591195 0.096698 0.371069
2 0.283019 0.592243 0.080189 0.272537
3 0.886203 0.641509 0.086085 0.203354
3 0.198703 0.644654 0.083726 0.142558
4 0.959906 0.633124 0.056604 0.174004
4 0.138561 0.632075 0.038915 0.150943
5 0.084906 0.639413 0.066038 0.127883
6 0.066038 0.584906 0.044811 0.077568