0 0.583726 0.467505 0.167453 0.329140
0 0.413915 0.470650 0.172170 0.327044
1 0.722288 0.428721 0.112028 0.318658
1 0.275943 0.459119 0.106132 0.291405
2 0.828420 0.418239 0.100236 0.335430
2 0.179245 0.486373 0.082547 0.337526
3 0.912736 0.432914 0.068396 0.268344
3 0.112028 0.510482 0.049528 0.264151
4 0.963443 0.450734 0.035377 0.220126
4 0.070755 0.518868 0.033019 0.230608
5 0.990566 0.439203 0.018868 0.188679
5 0.038915 0.501048 0.030660 0.190776
0 0.558962 0.633124 0.101415 0.291405
0 0.458726 0.638365 0.099057 0.293501
1 0.668042 0.657233 0.116745 0.264151
1 0.356722 0.668763 0.107311 0.299790
2 0.772995 0.645702 0.093160 0.358491
2 0.252948 0.737945 0.097877 0.270440
3 0.858491 0.681342 0.077830 0.190776
3 0.168632 0.735849 0.066038 0.157233
4 0.925118 0.657233 0.069575 0.184486
4 0.112028 0.715933 0.047170 0.146751
5 0.979363 0.639413 0.041274 0.153040
5 0.053656 0.708595 0.069575 0.148847