0 0.598467 0.323899 0.178066 0.337526
0 0.419811 0.325996 0.174528 0.337526
1 0.750590 0.313417 0.114387 0.316562
1 0.271816 0.317610 0.116745 0.295597
2 0.862618 0.321803 0.102594 0.354298
2 0.163915 0.363732 0.096698 0.350105
3 0.943986 0.344864 0.064858 0.299790
3 0.087264 0.386792 0.054245 0.278826
4 0.981132 0.395178 0.037736 0.257862
4 0.036557 0.411950 0.042453 0.236897
0 0.610849 0.779874 0.115566 0.280922
0 0.497642 0.775681 0.113208 0.272537
1 0.722877 0.762055 0.115566 0.257862
1 0.388561 0.797694 0.109670 0.316562
2 0.830778 0.744235 0.097877 0.310273
2 0.278892 0.811321 0.109670 0.368973
3 0.912736 0.750524 0.094340 0.259958
3 0.191627 0.816562 0.102594 0.312369
4 0.966392 0.776730 0.067216 0.266247
4 0.127948 0.814465 0.083726 0.245283
5 0.061910 0.808176 0.114387 0.194969
6 0.047170 0.718029 0.094340 0.115304
7 0.025943 0.648847 0.047170 0.052411