0 0.568396 0.389937 0.174528 0.345912
0 0.393278 0.397275 0.163915 0.318658
1 0.715802 0.377358 0.117925 0.316562
1 0.257665 0.373166 0.107311 0.287212
2 0.831958 0.379455 0.114387 0.354298
2 0.162736 0.400419 0.089623 0.329140
3 0.924528 0.397275 0.073113 0.289308
3 0.097877 0.417191 0.047170 0.266247
4 0.979953 0.428721 0.040094 0.238994
4 0.063090 0.437107 0.027123 0.218029
5 0.037736 0.474843 0.018868 0.067086
0 0.542453 0.581761 0.103774 0.268344
0 0.436321 0.572327 0.094340 0.266247
1 0.655660 0.600629 0.115566 0.306080
1 0.332547 0.581761 0.099057 0.301887
2 0.765330 0.612159 0.099057 0.392034
2 0.230542 0.640461 0.104953 0.306080
3 0.858491 0.623690 0.094340 0.268344
3 0.156250 0.628931 0.079009 0.257862
4 0.933373 0.619497 0.067217 0.222222
4 0.096698 0.632075 0.042453 0.184486
5 0.984080 0.617400 0.031840 0.163522
5 0.041274 0.615828 0.056604 0.145702
6 0.017099 0.596436 0.034198 0.127883