0 0.631108 0.828881 0.085649 0.148581
0 0.544142 0.843907 0.085649 0.138564
1 0.711486 0.790484 0.106731 0.135225
1 0.451905 0.836394 0.096190 0.156928
2 0.768805 0.714524 0.115955 0.166945
2 0.369550 0.781302 0.118591 0.190317
3 0.818877 0.585977 0.131767 0.196995
3 0.296420 0.652755 0.154168 0.213689
4 0.849842 0.433222 0.138356 0.168614
4 0.245030 0.503339 0.167344 0.188648
5 0.857748 0.271285 0.162074 0.205342
5 0.196935 0.340568 0.205557 0.220367
6 0.880148 0.085142 0.146262 0.170284
6 0.127758 0.129382 0.191062 0.232053