0 0.589623 0.320755 0.181604 0.343816
0 0.407429 0.325996 0.182783 0.333333
1 0.739387 0.307128 0.120283 0.320755
1 0.258844 0.310273 0.114387 0.293501
2 0.850236 0.322851 0.101415 0.356394
2 0.153892 0.357442 0.097877 0.354298
3 0.932193 0.343816 0.067217 0.301887
3 0.077241 0.388889 0.053066 0.270440
4 0.971698 0.403564 0.047170 0.245283
4 0.028892 0.416143 0.036557 0.232704
0 0.596698 0.788260 0.108491 0.293501
0 0.486439 0.783019 0.112028 0.287212
1 0.374410 0.796646 0.102594 0.318658
2 0.818396 0.792453 0.106132 0.385744
2 0.268868 0.813417 0.106132 0.368973
3 0.903302 0.766247 0.091981 0.274633
4 0.961675 0.780922 0.076650 0.262055
3 0.180425 0.811321 0.096698 0.306080
4 0.119104 0.809224 0.084906 0.234801
5 0.050118 0.810273 0.097877 0.203354
6 0.041274 0.703354 0.080189 0.090147
7 0.022406 0.656184 0.040094 0.058700