0 0.579599 0.398323 0.170991 0.352201
0 0.409788 0.402516 0.163915 0.343816
1 0.719929 0.362683 0.109670 0.331237
1 0.272406 0.400419 0.110849 0.314465
2 0.822524 0.353249 0.097877 0.362683
2 0.173349 0.437107 0.087264 0.345912
3 0.901533 0.367925 0.057783 0.291405
3 0.097877 0.455975 0.063679 0.278826
4 0.945165 0.385744 0.029481 0.243187
4 0.049528 0.480084 0.033019 0.230608
5 0.972877 0.385744 0.021226 0.230608
5 0.015920 0.477987 0.031840 0.222222
6 0.991156 0.373166 0.017688 0.150943
0 0.571934 0.798742 0.108491 0.289308
0 0.466392 0.798742 0.104953 0.289308
1 0.679835 0.793501 0.109670 0.303983
1 0.359670 0.817610 0.101415 0.301887
2 0.785377 0.780922 0.099057 0.375262
2 0.262382 0.823899 0.093160 0.343816
3 0.862618 0.763103 0.093160 0.310273
3 0.184552 0.835430 0.088443 0.303983
4 0.918042 0.746331 0.079009 0.234801
4 0.123821 0.821803 0.075472 0.226415
5 0.969340 0.720126 0.061320 0.186583
5 0.058373 0.820755 0.095519 0.182390
6 0.962854 0.599581 0.074292 0.067086
6 0.041863 0.732704 0.083726 0.153040
7 0.980542 0.551363 0.036557 0.058700
7 0.027712 0.666667 0.053066 0.062893