0 0.584906 0.387841 0.181604 0.352201
0 0.403892 0.390985 0.182783 0.333333
1 0.742335 0.381551 0.130896 0.331237
1 0.267099 0.285115 0.086085 0.134172
2 0.863797 0.380503 0.114387 0.379455
2 0.159788 0.259958 0.067217 0.096436
3 0.959906 0.400419 0.080188 0.314465
0 0.556014 0.585954 0.107311 0.358491
0 0.447524 0.571279 0.107311 0.350105
1 0.674528 0.609015 0.129717 0.333333
1 0.337854 0.655136 0.107311 0.186583
2 0.793042 0.622642 0.104953 0.406709
3 0.890920 0.679245 0.093160 0.209644
4 0.967571 0.665618 0.064858 0.203354