0 0.580189 0.458071 0.169811 0.322851
0 0.409788 0.466457 0.168632 0.331237
1 0.724057 0.428721 0.115566 0.306080
1 0.272995 0.445493 0.104953 0.297694
2 0.830189 0.409853 0.094340 0.343816
2 0.178656 0.483229 0.081368 0.327044
3 0.912146 0.431866 0.067217 0.266247
3 0.109080 0.498952 0.053066 0.270440
4 0.962264 0.447589 0.033019 0.218029
4 0.066038 0.513627 0.033019 0.215933
5 0.989976 0.436059 0.020047 0.199161
5 0.036557 0.488470 0.025943 0.186583
0 0.554835 0.619497 0.107311 0.327044
0 0.452241 0.621593 0.095519 0.335430
1 0.666863 0.648847 0.116745 0.272537
1 0.350236 0.663522 0.106132 0.293501
2 0.771816 0.645702 0.093160 0.358491
2 0.249410 0.730608 0.095519 0.272537
3 0.858491 0.685535 0.077830 0.211740
3 0.168632 0.731656 0.066038 0.178197
4 0.926887 0.655136 0.061321 0.180294
4 0.112618 0.710692 0.048349 0.157233
5 0.978184 0.637317 0.043632 0.157233
5 0.053656 0.693920 0.067217 0.140461