0 0.573703 0.443396 0.173349 0.339623
0 0.404481 0.451782 0.162736 0.339623
1 0.717571 0.409853 0.114387 0.327044
1 0.269458 0.437107 0.104953 0.301887
2 0.824292 0.397275 0.094340 0.356394
2 0.170401 0.472746 0.086085 0.335430
3 0.905660 0.409853 0.066038 0.276730
3 0.100825 0.489518 0.048349 0.268344
4 0.955778 0.437107 0.036557 0.230608
4 0.060731 0.498952 0.031840 0.220126
5 0.986439 0.420335 0.027122 0.201258
5 0.031840 0.490566 0.028302 0.190776
0 0.553066 0.605870 0.110849 0.324948
0 0.445755 0.606918 0.099057 0.322851
1 0.662736 0.640461 0.113208 0.264151
1 0.344340 0.662474 0.103774 0.303983
2 0.768278 0.632075 0.093160 0.364780
2 0.245283 0.728512 0.094340 0.280922
3 0.853184 0.668763 0.081368 0.199161
3 0.160967 0.724319 0.074292 0.167715
4 0.921580 0.643606 0.062500 0.199161
4 0.102594 0.699161 0.044811 0.150943
5 0.972877 0.626834 0.054245 0.148847
5 0.046580 0.690776 0.064858 0.150943