0 0.588443 0.318658 0.181604 0.356394
0 0.408019 0.318658 0.176887 0.339623
1 0.740566 0.305031 0.122642 0.329140
1 0.261203 0.308176 0.119104 0.297694
2 0.851415 0.316562 0.096698 0.360587
2 0.155071 0.355346 0.093160 0.345912
3 0.933962 0.345912 0.066038 0.297694
3 0.076061 0.378407 0.055425 0.291405
4 0.969929 0.390985 0.057783 0.257862
4 0.028892 0.410901 0.041274 0.243187
0 0.600825 0.784067 0.119104 0.289308
0 0.485259 0.790356 0.112028 0.293501
1 0.376769 0.796646 0.107311 0.310273
2 0.269458 0.810273 0.104953 0.366876
2 0.819575 0.787212 0.106132 0.387841
3 0.902123 0.781971 0.096698 0.314465
3 0.182783 0.822851 0.099057 0.320755
4 0.119104 0.813417 0.084906 0.251572
4 0.959906 0.777778 0.080188 0.272537
5 0.051887 0.812369 0.103774 0.211740
6 0.044222 0.705451 0.088443 0.102725
7 0.021226 0.647799 0.035377 0.050314