0 0.590212 0.318658 0.178066 0.343816
0 0.411557 0.316562 0.176887 0.335430
1 0.738797 0.301887 0.116745 0.314465
1 0.262972 0.306080 0.117925 0.301887
2 0.849646 0.310273 0.104953 0.360587
2 0.154481 0.351153 0.091981 0.350105
3 0.932783 0.344864 0.066038 0.303983
3 0.077830 0.378407 0.061321 0.274633
4 0.969340 0.390985 0.051887 0.249476
4 0.028302 0.410901 0.037736 0.243187
0 0.603184 0.786164 0.123821 0.297694
0 0.486439 0.777778 0.112028 0.285115
1 0.377358 0.796646 0.108491 0.310273
2 0.270637 0.810273 0.104953 0.366876
2 0.820755 0.788260 0.103774 0.398323
3 0.905071 0.769392 0.093160 0.306080
3 0.182783 0.815514 0.096698 0.322851
4 0.962264 0.779874 0.075472 0.276730
4 0.120873 0.806080 0.083726 0.241090
5 0.051887 0.803983 0.103774 0.194969
6 0.042453 0.697065 0.084906 0.102725
7 0.020047 0.646751 0.040094 0.052411