0 0.591981 0.386792 0.174528 0.327044
0 0.421580 0.392034 0.166274 0.312369
1 0.737028 0.372117 0.110849 0.301887
1 0.285377 0.379455 0.106132 0.278826
2 0.848467 0.374214 0.109670 0.343816
2 0.191038 0.411950 0.080189 0.331237
3 0.937500 0.395178 0.063679 0.264151
3 0.130896 0.429769 0.044811 0.249476
4 0.984080 0.433962 0.031840 0.232704
4 0.093160 0.446541 0.023585 0.215933
0 0.565448 0.572327 0.102594 0.287212
0 0.461675 0.569182 0.097877 0.276730
1 0.677476 0.575472 0.121462 0.327044
1 0.363208 0.581761 0.094340 0.310273
2 0.787146 0.590147 0.095519 0.364780
3 0.877358 0.645702 0.087264 0.207547
4 0.949882 0.626834 0.057783 0.194969