0 0.607901 0.417191 0.163915 0.327044
0 0.439269 0.425577 0.168632 0.335430
1 0.747052 0.375262 0.112028 0.314465
1 0.295991 0.412998 0.110849 0.293501
2 0.849646 0.358491 0.093160 0.356394
2 0.195165 0.454927 0.088443 0.348008
3 0.925708 0.377358 0.056604 0.289308
3 0.120283 0.470650 0.056604 0.262055
4 0.966981 0.411950 0.028302 0.232704
4 0.073113 0.490566 0.033019 0.222222
5 0.990566 0.403564 0.018868 0.215933
5 0.035377 0.487421 0.035377 0.211740
0 0.604953 0.815514 0.113208 0.285115
0 0.495873 0.818658 0.104953 0.274633
1 0.714033 0.813417 0.104953 0.293501
1 0.392689 0.840671 0.099057 0.301887
2 0.814269 0.795597 0.097877 0.358491
2 0.296580 0.840671 0.095519 0.318658
3 0.889151 0.778826 0.089623 0.295597
3 0.214033 0.839623 0.083726 0.262055
4 0.948113 0.762055 0.075472 0.228512
4 0.152123 0.845912 0.073113 0.228512
5 0.979363 0.718029 0.041274 0.144654
5 0.088443 0.838574 0.094340 0.192872
6 0.972288 0.616352 0.055424 0.067086
6 0.056604 0.751572 0.096698 0.148847
7 0.048349 0.687631 0.063679 0.075472