0 0.587854 0.393082 0.185142 0.356394
0 0.408019 0.387841 0.174528 0.337526
1 0.742925 0.377358 0.127358 0.329140
1 0.265330 0.284067 0.091981 0.142558
2 0.867335 0.384696 0.116745 0.373166
2 0.163915 0.261006 0.070755 0.092243
3 0.962264 0.400419 0.075472 0.312369
0 0.560142 0.590147 0.110849 0.318658
0 0.452241 0.580713 0.100236 0.303983
1 0.678066 0.605870 0.125000 0.324948
1 0.342571 0.649895 0.090802 0.194969
2 0.794222 0.620545 0.107311 0.404612
3 0.894458 0.670860 0.090802 0.207547
4 0.969340 0.662474 0.061320 0.207547