0 0.579124 0.121870 0.126860 0.176962
0 0.450956 0.129382 0.129476 0.188648
1 0.685059 0.165275 0.100703 0.163606
1 0.345675 0.166110 0.120321 0.171953
2 0.749143 0.260434 0.126860 0.166945
2 0.264590 0.254591 0.136015 0.168614
3 0.792301 0.393155 0.137323 0.155259
3 0.223393 0.399833 0.153017 0.161937
4 0.817804 0.521703 0.146478 0.118531
4 0.191351 0.540067 0.156940 0.141903
5 0.830228 0.695326 0.179173 0.232053
5 0.174349 0.724541 0.206638 0.263773
6 0.876657 0.869783 0.177866 0.237062
6 0.122036 0.904841 0.159556 0.186978