0 0.592571 0.392034 0.170991 0.322851
0 0.420991 0.387841 0.167453 0.318658
1 0.738797 0.363732 0.116745 0.316562
1 0.288325 0.372117 0.100236 0.287212
2 0.847877 0.362683 0.101415 0.339623
2 0.196934 0.409853 0.082547 0.329140
3 0.933962 0.393082 0.070755 0.262055
3 0.132075 0.428721 0.047170 0.253669
4 0.984080 0.433962 0.031840 0.218029
4 0.095519 0.445493 0.025943 0.207547
5 0.069575 0.424528 0.023585 0.182390
0 0.578420 0.736897 0.112028 0.283019
0 0.471698 0.740042 0.103774 0.285115
1 0.686321 0.751572 0.110849 0.299790
1 0.367335 0.751572 0.100236 0.299790
2 0.791274 0.742138 0.101415 0.368973
2 0.270637 0.751572 0.090802 0.350105
3 0.879717 0.744235 0.089623 0.310273
3 0.202830 0.744235 0.084906 0.268344
4 0.946344 0.732704 0.076651 0.249476
4 0.153892 0.741090 0.069575 0.215933
5 0.983491 0.686583 0.033018 0.115304
5 0.097877 0.732704 0.089623 0.157233