0 0.578420 0.396226 0.170991 0.322851
0 0.407429 0.394130 0.168632 0.327044
1 0.723467 0.370021 0.116745 0.308176
1 0.273585 0.382600 0.096698 0.283019
2 0.834906 0.375262 0.103774 0.339623
2 0.184552 0.415094 0.079009 0.322851
3 0.926887 0.411950 0.073113 0.245283
3 0.123231 0.439203 0.048349 0.253669
4 0.085495 0.452830 0.024764 0.209644
5 0.059552 0.444444 0.024764 0.176101
0 0.561910 0.696017 0.104953 0.276730
0 0.454599 0.696017 0.107311 0.276730
1 0.669811 0.702306 0.113208 0.297694
1 0.353184 0.706499 0.090802 0.293501
2 0.778892 0.708595 0.104953 0.368973
2 0.260024 0.715933 0.095519 0.345912
3 0.868514 0.697065 0.086085 0.291405
3 0.191038 0.696017 0.080189 0.243187
4 0.933373 0.691824 0.076651 0.234801
4 0.139741 0.708595 0.071934 0.218029
5 0.982901 0.666667 0.034198 0.150943
5 0.081958 0.700210 0.086085 0.167715