0 0.591981 0.399371 0.172170 0.333333
0 0.422170 0.396226 0.167453 0.310273
1 0.736439 0.377358 0.112028 0.297694
1 0.286557 0.383648 0.096698 0.285115
2 0.846698 0.377358 0.106132 0.343816
2 0.196344 0.415094 0.081368 0.318658
3 0.935142 0.408805 0.068396 0.255765
3 0.135024 0.433962 0.043632 0.247379
4 0.985259 0.436059 0.029481 0.226415
4 0.097288 0.451782 0.029481 0.203354
0 0.564269 0.584906 0.104953 0.289308
0 0.462854 0.583857 0.097877 0.287212
1 0.678066 0.605870 0.122642 0.268344
1 0.362028 0.600629 0.101415 0.287212
2 0.787146 0.600629 0.097877 0.362683
2 0.274175 0.616352 0.076651 0.234801
3 0.879127 0.638365 0.081368 0.232704
4 0.948703 0.629979 0.055425 0.194969