0 0.587264 0.397275 0.169811 0.333333
0 0.417453 0.406709 0.172170 0.335430
1 0.725236 0.358491 0.106132 0.322851
1 0.274764 0.397275 0.113208 0.295597
2 0.828420 0.348008 0.095519 0.356394
2 0.172170 0.437107 0.089623 0.337526
3 0.908019 0.365828 0.063679 0.270440
3 0.100236 0.461216 0.049528 0.280922
4 0.951061 0.390985 0.024764 0.232704
4 0.056604 0.477987 0.037736 0.226415
5 0.978774 0.381551 0.030660 0.218029
5 0.020047 0.479036 0.030660 0.190776
0 0.580189 0.803983 0.108491 0.291405
0 0.470519 0.805031 0.108491 0.293501
1 0.688090 0.793501 0.107311 0.291405
1 0.367925 0.824948 0.091981 0.299790
2 0.789505 0.778826 0.093160 0.358491
2 0.273585 0.824948 0.101415 0.337526
3 0.869693 0.768344 0.095519 0.308176
3 0.192807 0.828092 0.086085 0.276730
4 0.925708 0.734801 0.077830 0.220126
4 0.130896 0.825996 0.075472 0.218029
5 0.970519 0.716981 0.058962 0.184486
5 0.067807 0.824948 0.095519 0.182390
6 0.964033 0.595388 0.071934 0.058700
6 0.047170 0.737945 0.094340 0.142558
7 0.034198 0.670860 0.054245 0.062893
7 0.984080 0.547170 0.031840 0.037736