0 0.570165 0.401468 0.168632 0.343816
0 0.396226 0.395178 0.169811 0.335430
1 0.719929 0.380503 0.119104 0.318658
1 0.258255 0.376310 0.106132 0.293501
2 0.837854 0.381551 0.109670 0.350105
2 0.166274 0.402516 0.084906 0.341719
3 0.929245 0.407757 0.075472 0.280922
3 0.101415 0.420335 0.042453 0.276730
4 0.983491 0.443396 0.033018 0.238994
4 0.064858 0.445493 0.030660 0.209644
0 0.547170 0.583857 0.103774 0.306080
0 0.438679 0.574423 0.099057 0.316562
1 0.660377 0.613208 0.113208 0.289308
1 0.334316 0.589099 0.095519 0.303983
2 0.767099 0.607966 0.104953 0.366876
2 0.231132 0.663522 0.103774 0.310273
3 0.861439 0.635220 0.090802 0.287212
3 0.158608 0.638365 0.079009 0.259958
4 0.935731 0.614256 0.069575 0.249476
4 0.100236 0.631027 0.047170 0.169811
5 0.985849 0.614256 0.028302 0.136268
5 0.044222 0.621069 0.062500 0.151992
5 0.030660 0.485325 0.033019 0.058700
6 0.023585 0.600629 0.047170 0.132075