0 0.599057 0.321803 0.176887 0.352201
0 0.419222 0.328092 0.178066 0.339623
1 0.747642 0.305031 0.117925 0.322851
1 0.267689 0.308176 0.122642 0.312369
2 0.857311 0.320755 0.099057 0.362683
2 0.158019 0.355346 0.089623 0.352201
3 0.939269 0.344864 0.064858 0.301887
3 0.082547 0.384696 0.061321 0.293501
4 0.977594 0.399371 0.042453 0.251572
4 0.034788 0.410901 0.041274 0.245283
0 0.609670 0.761006 0.122642 0.245283
0 0.494104 0.790356 0.110849 0.287212
1 0.724646 0.796646 0.107311 0.324948
1 0.383844 0.808176 0.107311 0.318658
2 0.829009 0.797694 0.101415 0.398323
2 0.275354 0.810273 0.107311 0.373166
3 0.909198 0.783019 0.096698 0.318658
3 0.192807 0.815514 0.102594 0.308176
4 0.964033 0.778826 0.071934 0.259958
4 0.123821 0.816562 0.082547 0.247379
5 0.055425 0.816562 0.108491 0.213836
6 0.045991 0.713836 0.091981 0.113208
7 0.027712 0.654088 0.048349 0.056604