0 0.594340 0.397275 0.169811 0.337526
0 0.423939 0.404612 0.170991 0.331237
1 0.732901 0.362683 0.104953 0.322851
1 0.281840 0.399371 0.110849 0.287212
2 0.832547 0.349057 0.094340 0.350105
2 0.179835 0.431866 0.093160 0.339623
3 0.909198 0.360587 0.058962 0.280922
3 0.105542 0.462264 0.055425 0.262055
4 0.954009 0.392034 0.030660 0.230608
4 0.058373 0.479036 0.036557 0.241090
5 0.981132 0.394130 0.025943 0.209644
5 0.021226 0.475891 0.033019 0.197065
0 0.593160 0.811321 0.110849 0.280922
0 0.485849 0.814465 0.103774 0.274633
1 0.702241 0.806080 0.104953 0.287212
1 0.382075 0.837526 0.103774 0.295597
2 0.805425 0.781971 0.099057 0.348008
2 0.284788 0.834382 0.095519 0.322851
3 0.877948 0.762055 0.088443 0.274633
3 0.206958 0.836478 0.090802 0.276730
4 0.936910 0.746331 0.079009 0.226415
4 0.143868 0.838574 0.075472 0.222222
5 0.974057 0.723270 0.051886 0.171908
5 0.077241 0.840671 0.097877 0.188679
6 0.971108 0.602725 0.053066 0.064990
6 0.051887 0.742138 0.096698 0.138365
7 0.983491 0.551363 0.033018 0.041929
7 0.034198 0.679245 0.063679 0.075472