0 0.581368 0.392034 0.172170 0.348008
0 0.410377 0.395178 0.169811 0.350105
1 0.722877 0.353249 0.113208 0.333333
1 0.270047 0.395178 0.110849 0.308176
2 0.824882 0.345912 0.088443 0.356394
2 0.169222 0.427673 0.083726 0.348008
3 0.898585 0.363732 0.061321 0.283019
3 0.099057 0.455975 0.056604 0.270440
4 0.945755 0.390985 0.030660 0.232704
4 0.051297 0.473795 0.038915 0.234801
5 0.972288 0.385744 0.022406 0.218029
5 0.017099 0.467505 0.034198 0.222222
6 0.991745 0.373166 0.016509 0.150943
0 0.575472 0.785115 0.113208 0.287212
0 0.464623 0.788260 0.108491 0.293501
1 0.683962 0.793501 0.106132 0.303983
1 0.360849 0.814465 0.101415 0.312369
2 0.785967 0.769392 0.095519 0.373166
2 0.262382 0.818658 0.095519 0.350105
3 0.862028 0.756813 0.091981 0.310273
3 0.182193 0.815514 0.083726 0.280922
4 0.915094 0.741090 0.080189 0.249476
4 0.122642 0.813417 0.075472 0.218029
5 0.966392 0.709644 0.067216 0.182390
5 0.062500 0.815514 0.101415 0.184486
6 0.963443 0.589099 0.073113 0.062893
6 0.040684 0.724319 0.081368 0.148847
7 0.980542 0.548218 0.034198 0.060797
7 0.025354 0.655136 0.045991 0.060797