0 0.581368 0.450734 0.169811 0.345912
0 0.411557 0.457023 0.167453 0.337526
1 0.723467 0.419287 0.112028 0.316562
1 0.274764 0.448637 0.101415 0.295597
2 0.828420 0.399371 0.097877 0.352201
2 0.178656 0.479036 0.088443 0.331237
3 0.910967 0.425577 0.067217 0.257862
3 0.109080 0.497904 0.050708 0.255765
4 0.961675 0.440252 0.036557 0.220126
4 0.067807 0.506289 0.031840 0.234801
5 0.989387 0.423480 0.021226 0.182390
5 0.037736 0.491614 0.028302 0.197065
0 0.557783 0.620545 0.106132 0.308176
0 0.455189 0.618449 0.099057 0.312369
1 0.669811 0.649895 0.117925 0.283019
1 0.350825 0.662474 0.104953 0.278826
2 0.774175 0.635220 0.095519 0.354298
2 0.251769 0.724319 0.093160 0.268344
3 0.862618 0.672956 0.076651 0.203354
3 0.169222 0.729560 0.069575 0.165618
4 0.926887 0.647799 0.068396 0.186583
4 0.110849 0.704403 0.044811 0.148847
5 0.975236 0.624738 0.049528 0.148847
5 0.054245 0.696017 0.068396 0.144654