0 0.581368 0.438155 0.169811 0.327044
0 0.412146 0.448637 0.163915 0.322851
1 0.724057 0.405660 0.108491 0.316562
1 0.277123 0.437107 0.106132 0.291405
2 0.827830 0.392034 0.099057 0.339623
2 0.182193 0.473795 0.086085 0.327044
3 0.912146 0.420335 0.069575 0.262055
3 0.112618 0.489518 0.055425 0.253669
4 0.962264 0.439203 0.033019 0.215933
4 0.068396 0.505241 0.033019 0.205451
5 0.989976 0.431866 0.020047 0.205451
5 0.038915 0.485325 0.028302 0.178197
0 0.558962 0.611111 0.108491 0.295597
0 0.452830 0.612159 0.101415 0.293501
1 0.669222 0.645702 0.112028 0.247379
1 0.354363 0.642558 0.097877 0.303983
2 0.773585 0.623690 0.094340 0.366876
2 0.252948 0.692872 0.097877 0.299790
3 0.858491 0.662474 0.077830 0.209644
3 0.169811 0.714885 0.066038 0.155136
4 0.925708 0.638365 0.061321 0.174004
4 0.110259 0.689727 0.050708 0.146751
5 0.978184 0.621593 0.043632 0.144654
5 0.053066 0.682390 0.063679 0.144654