0 0.579009 0.388889 0.172170 0.331237
0 0.407429 0.396226 0.166274 0.333333
1 0.721108 0.350105 0.109670 0.312369
1 0.268868 0.389937 0.113208 0.295597
2 0.821344 0.335430 0.093160 0.358491
2 0.167453 0.428721 0.084906 0.339623
3 0.898585 0.358491 0.058962 0.278826
3 0.095519 0.449686 0.058962 0.264151
4 0.943396 0.385744 0.028302 0.241090
4 0.047170 0.468553 0.037736 0.226415
5 0.971698 0.379455 0.028302 0.220126
5 0.015330 0.480084 0.028302 0.182390
6 0.992335 0.359539 0.015330 0.159329
0 0.587264 0.802935 0.110849 0.278826
0 0.477594 0.806080 0.106132 0.276730
1 0.696934 0.796646 0.103774 0.287212
1 0.373231 0.825996 0.102594 0.316562
2 0.798349 0.771488 0.096698 0.350105
2 0.276533 0.825996 0.090802 0.329140
3 0.874410 0.761006 0.090802 0.291405
3 0.193986 0.829140 0.083726 0.276730
4 0.926297 0.743187 0.079009 0.226415
4 0.137382 0.823899 0.074292 0.220126
5 0.972288 0.724319 0.055424 0.188679
5 0.071344 0.829140 0.095519 0.192872
6 0.968750 0.601677 0.062500 0.069182
6 0.047759 0.738994 0.095518 0.146751
7 0.982311 0.550314 0.030660 0.041929
7 0.030660 0.669811 0.056604 0.058700