0 0.584316 0.389937 0.187500 0.368973
0 0.399175 0.389937 0.175708 0.348008
1 0.741156 0.378407 0.126179 0.324948
1 0.264741 0.298742 0.088443 0.169811
2 0.860849 0.386792 0.113208 0.379455
2 0.153892 0.268344 0.076651 0.092243
3 0.958137 0.410901 0.083726 0.327044
0 0.555425 0.581761 0.113208 0.333333
0 0.441627 0.579665 0.104953 0.329140
1 0.674528 0.622642 0.122642 0.331237
1 0.335495 0.660377 0.095519 0.188679
2 0.792453 0.619497 0.113208 0.408805
3 0.892689 0.680294 0.087264 0.211740
4 0.966981 0.670860 0.066038 0.192872