0 0.582547 0.467505 0.172170 0.324948
0 0.413915 0.470650 0.162736 0.331237
1 0.724057 0.431866 0.110849 0.312369
1 0.277123 0.458071 0.106132 0.289308
2 0.829009 0.415094 0.096698 0.350105
2 0.179835 0.489518 0.086085 0.335430
3 0.913325 0.432914 0.069575 0.264151
3 0.109670 0.501048 0.049528 0.262055
4 0.964623 0.453878 0.030660 0.222222
4 0.069575 0.513627 0.033019 0.232704
5 0.989976 0.439203 0.020047 0.184486
5 0.038915 0.492662 0.028302 0.182390
0 0.558373 0.628931 0.109670 0.320755
0 0.454009 0.628931 0.096698 0.320755
1 0.670991 0.651992 0.115566 0.274633
1 0.352594 0.663522 0.103774 0.310273
2 0.775943 0.647799 0.091981 0.358491
2 0.254127 0.731656 0.093160 0.274633
3 0.862618 0.686583 0.081368 0.192872
3 0.171580 0.737945 0.071934 0.161426
4 0.926297 0.656184 0.064858 0.190776
4 0.110849 0.711740 0.049528 0.159329
5 0.978774 0.638365 0.042452 0.146751
5 0.052476 0.703354 0.064858 0.142558