0 0.591981 0.314465 0.179245 0.352201
0 0.413915 0.314465 0.179245 0.335430
1 0.740566 0.299790 0.122642 0.327044
1 0.262972 0.306080 0.120283 0.289308
2 0.854953 0.311321 0.099057 0.366876
2 0.155660 0.345912 0.094340 0.335430
3 0.935142 0.338574 0.066038 0.303983
3 0.077830 0.378407 0.058962 0.278826
4 0.971698 0.390985 0.054245 0.241090
4 0.030660 0.405660 0.042453 0.236897
0 0.605542 0.776730 0.116745 0.295597
0 0.490566 0.777778 0.113208 0.289308
1 0.719340 0.738994 0.108491 0.228512
1 0.378538 0.792453 0.108491 0.314465
2 0.821344 0.776730 0.100236 0.379455
2 0.272995 0.811321 0.107311 0.377358
3 0.905071 0.772537 0.097877 0.312369
3 0.185731 0.811321 0.095519 0.314465
4 0.962264 0.772537 0.075472 0.262055
4 0.120283 0.806080 0.080189 0.241090
5 0.052476 0.803983 0.104952 0.194969
6 0.044222 0.708595 0.088443 0.117400
7 0.020047 0.645702 0.040094 0.050314