0 0.591981 0.395178 0.167453 0.345912
0 0.420991 0.406709 0.169811 0.335430
1 0.732901 0.357442 0.109670 0.316562
1 0.277712 0.394130 0.112028 0.293501
2 0.833137 0.343816 0.088443 0.360587
2 0.176887 0.445493 0.084906 0.329140
3 0.909788 0.367925 0.062500 0.274633
3 0.104363 0.459119 0.055425 0.255765
4 0.952830 0.397275 0.028302 0.228512
4 0.056604 0.479036 0.037736 0.224319
5 0.980542 0.388889 0.029481 0.215933
5 0.019458 0.473795 0.034198 0.197065
0 0.592571 0.817610 0.109670 0.301887
0 0.483491 0.820755 0.101415 0.283019
1 0.702241 0.802935 0.104953 0.297694
1 0.383844 0.830189 0.100236 0.293501
2 0.801887 0.779874 0.091981 0.339623
2 0.287736 0.833333 0.094340 0.316562
3 0.876769 0.767296 0.090802 0.280922
3 0.207547 0.835430 0.084906 0.278826
4 0.936910 0.750524 0.071934 0.226415
4 0.143278 0.842767 0.071934 0.234801
5 0.976415 0.719078 0.047170 0.155136
5 0.078420 0.835430 0.093160 0.186583
6 0.972288 0.602725 0.055424 0.064990
6 0.053066 0.748428 0.106132 0.159329
7 0.985849 0.548218 0.028302 0.039832
7 0.034198 0.682390 0.063679 0.085954