0 0.599057 0.398323 0.169811 0.320755
0 0.428656 0.398323 0.168632 0.316562
1 0.743514 0.370021 0.119104 0.306080
1 0.291274 0.377358 0.103774 0.299790
2 0.854363 0.365828 0.104953 0.339623
2 0.201651 0.412998 0.075472 0.333333
3 0.942217 0.403564 0.070755 0.264151
3 0.137382 0.436059 0.048349 0.241090
4 0.988208 0.431866 0.023584 0.220126
4 0.097877 0.464361 0.030660 0.184486
0 0.576061 0.548218 0.102594 0.218029
0 0.470519 0.542977 0.099057 0.211740
1 0.684552 0.599581 0.114387 0.253669
1 0.370283 0.552411 0.099057 0.230608
2 0.791274 0.584906 0.094340 0.375262
2 0.277712 0.561845 0.076651 0.270440
3 0.883255 0.640461 0.087264 0.205451
3 0.198113 0.638365 0.080189 0.113208
4 0.956368 0.628931 0.061321 0.178197
4 0.135024 0.623690 0.041274 0.134172
5 0.086085 0.615304 0.051887 0.104822
6 0.060142 0.593291 0.040094 0.064990