0 0.586085 0.404612 0.169811 0.345912
0 0.415094 0.415094 0.169811 0.350105
1 0.726415 0.373166 0.103774 0.324948
1 0.273585 0.415094 0.113208 0.303983
2 0.825472 0.364780 0.089623 0.358491
2 0.172759 0.448637 0.090802 0.354298
3 0.900354 0.382600 0.062500 0.280922
3 0.100236 0.479036 0.051887 0.259958
4 0.946934 0.405660 0.025943 0.243187
4 0.056014 0.493711 0.034198 0.230608
5 0.974057 0.401468 0.023585 0.218029
5 0.019458 0.485325 0.038915 0.213836
6 0.992925 0.387841 0.014150 0.148847
0 0.579009 0.814465 0.110849 0.293501
0 0.469929 0.815514 0.104953 0.287212
1 0.685142 0.813417 0.103774 0.308176
1 0.362618 0.838574 0.102594 0.299790
2 0.788325 0.795597 0.102594 0.373166
2 0.267099 0.834906 0.090802 0.330188
3 0.866745 0.775681 0.094340 0.299790
3 0.189269 0.840671 0.093160 0.283019
4 0.922170 0.755765 0.080189 0.230608
4 0.128538 0.839623 0.077830 0.222222
5 0.969340 0.737945 0.061320 0.190776
5 0.063090 0.841719 0.097877 0.201258
6 0.961675 0.613208 0.074292 0.058700
6 0.043042 0.753669 0.086084 0.159329
7 0.981132 0.561845 0.037736 0.039832
7 0.031250 0.685535 0.060142 0.073375