0 0.596108 0.318658 0.178066 0.360587
0 0.413915 0.323899 0.176887 0.333333
1 0.745283 0.296646 0.115566 0.329140
1 0.267099 0.311321 0.116745 0.295597
2 0.855542 0.314465 0.100236 0.368973
2 0.158608 0.352201 0.093160 0.352201
3 0.938090 0.341719 0.064858 0.306080
3 0.082547 0.382600 0.058962 0.274633
4 0.974646 0.394130 0.048349 0.247379
4 0.031250 0.405660 0.038915 0.236897
0 0.605542 0.777778 0.116745 0.289308
0 0.489387 0.784067 0.108491 0.293501
1 0.379127 0.799790 0.112028 0.316562
2 0.271816 0.809224 0.102594 0.377358
2 0.821934 0.792453 0.108491 0.394130
3 0.906840 0.771488 0.096698 0.293501
3 0.183962 0.820755 0.094340 0.324948
4 0.962854 0.778826 0.074292 0.270440
4 0.120283 0.813417 0.084906 0.243187
5 0.054245 0.805031 0.108490 0.197065
6 0.044811 0.701258 0.089622 0.094340
7 0.026533 0.650943 0.050708 0.060797