0 0.583137 0.390985 0.173349 0.333333
0 0.412146 0.388889 0.161557 0.324948
1 0.729363 0.368973 0.116745 0.310273
1 0.283019 0.372117 0.094340 0.287212
2 0.843160 0.373166 0.108491 0.339623
2 0.192807 0.398323 0.086085 0.335430
3 0.930425 0.393082 0.068396 0.270440
3 0.123821 0.431866 0.049528 0.234801
4 0.981722 0.429769 0.036556 0.230608
4 0.083726 0.447589 0.030660 0.199161
0 0.561910 0.564990 0.104953 0.274633
0 0.456368 0.570231 0.099057 0.289308
1 0.671580 0.577568 0.119104 0.291405
1 0.356132 0.584906 0.099057 0.301887
2 0.781840 0.585954 0.101415 0.362683
2 0.257075 0.626834 0.099057 0.280922
3 0.874410 0.645702 0.083726 0.205451
3 0.176297 0.631027 0.060142 0.134172
4 0.945755 0.620545 0.061321 0.184486
4 0.122642 0.620545 0.049528 0.134172
5 0.070755 0.614256 0.056604 0.125786