0 0.581368 0.403564 0.172170 0.339623
0 0.411557 0.411950 0.167453 0.339623
1 0.722288 0.367925 0.109670 0.314465
1 0.271816 0.407757 0.109670 0.293501
2 0.826651 0.356394 0.096698 0.362683
2 0.170401 0.443396 0.086085 0.343816
3 0.903302 0.370021 0.061321 0.289308
3 0.099646 0.462264 0.057783 0.285115
4 0.948113 0.399371 0.028302 0.234801
4 0.051887 0.489518 0.035377 0.226415
5 0.974057 0.396226 0.021226 0.215933
5 0.017099 0.482180 0.031840 0.199161
6 0.992925 0.380503 0.014150 0.150943
0 0.578420 0.813417 0.109670 0.291405
0 0.469340 0.816562 0.108491 0.285115
1 0.687500 0.811321 0.108491 0.295597
1 0.366156 0.834382 0.104953 0.303983
2 0.789505 0.794549 0.097877 0.366876
2 0.267689 0.833857 0.096698 0.332285
3 0.864387 0.776730 0.091981 0.310273
3 0.185142 0.844864 0.082547 0.291405
4 0.921580 0.754717 0.081368 0.236897
4 0.130896 0.835430 0.077830 0.226415
5 0.968160 0.729560 0.063679 0.186583
5 0.064858 0.841719 0.096698 0.184486
6 0.964623 0.606918 0.070754 0.054507
6 0.047170 0.747379 0.089623 0.138365
7 0.982311 0.558700 0.035377 0.037736
7 0.033019 0.683438 0.056604 0.073375