0 0.581958 0.401468 0.166274 0.354298
0 0.415094 0.405660 0.167453 0.345912
1 0.719929 0.367925 0.107311 0.324948
1 0.274175 0.404612 0.114387 0.306080
2 0.821934 0.354298 0.094340 0.356394
2 0.168632 0.443396 0.089623 0.341719
3 0.901533 0.374214 0.062500 0.278826
3 0.099057 0.468553 0.051887 0.274633
4 0.945165 0.394130 0.029481 0.243187
4 0.054835 0.482180 0.038915 0.234801
5 0.974057 0.390985 0.023585 0.224319
5 0.017689 0.475891 0.030660 0.213836
6 0.991745 0.368973 0.016509 0.159329
0 0.576651 0.799790 0.108491 0.291405
0 0.468750 0.803983 0.107311 0.287212
1 0.683962 0.796646 0.106132 0.289308
1 0.363797 0.831237 0.102594 0.320755
2 0.786557 0.788260 0.094340 0.377358
2 0.264741 0.828092 0.095519 0.327044
3 0.860849 0.774633 0.094340 0.308176
3 0.185142 0.831237 0.084906 0.278826
4 0.920991 0.756813 0.077830 0.247379
4 0.123821 0.827044 0.077830 0.215933
5 0.968750 0.726415 0.062500 0.178197
5 0.060731 0.833333 0.090802 0.190776
6 0.964033 0.601677 0.071934 0.062893
6 0.047170 0.743187 0.094340 0.153040
7 0.981132 0.558700 0.037736 0.048218
7 0.029481 0.670860 0.047170 0.075472