0 0.571344 0.446541 0.170991 0.345912
0 0.401533 0.445493 0.168632 0.348008
1 0.715212 0.410901 0.119104 0.316562
1 0.264741 0.435010 0.104953 0.310273
2 0.824882 0.387841 0.095519 0.366876
2 0.169222 0.464361 0.086085 0.343816
3 0.905660 0.405660 0.066038 0.285115
3 0.100825 0.483229 0.053066 0.289308
4 0.957547 0.432914 0.037736 0.226415
4 0.056604 0.497904 0.033019 0.226415
5 0.988208 0.412998 0.023584 0.186583
5 0.026533 0.476939 0.024764 0.176101
0 0.549528 0.612159 0.103774 0.324948
0 0.448113 0.610063 0.094340 0.312369
1 0.660967 0.645702 0.116745 0.257862
1 0.346108 0.650943 0.107311 0.280922
2 0.767689 0.629979 0.094340 0.360587
2 0.243514 0.720126 0.097877 0.272537
3 0.855542 0.675052 0.079009 0.199161
3 0.160377 0.722222 0.066038 0.171908
4 0.922759 0.654088 0.067217 0.203354
4 0.101415 0.704403 0.051887 0.157233
5 0.973467 0.623690 0.053066 0.150943
5 0.043632 0.685535 0.063679 0.144654