0 0.572524 0.393082 0.175708 0.337526
0 0.397995 0.396226 0.168632 0.327044
1 0.717571 0.374214 0.116745 0.320755
1 0.261203 0.374214 0.107311 0.303983
2 0.832547 0.378407 0.115566 0.354298
2 0.166274 0.400419 0.087264 0.335430
3 0.928066 0.402516 0.077830 0.280922
3 0.097877 0.421384 0.044811 0.264151
4 0.982311 0.435010 0.033019 0.245283
4 0.061321 0.441300 0.021226 0.194969
5 0.037736 0.475891 0.018868 0.058700
0 0.549528 0.590147 0.106132 0.299790
0 0.439858 0.587002 0.096698 0.285115
1 0.660377 0.604822 0.103774 0.308176
1 0.337264 0.579665 0.096698 0.308176
2 0.770637 0.605870 0.104953 0.394130
2 0.232901 0.644654 0.109670 0.295597
3 0.864976 0.659329 0.083726 0.228512
3 0.156840 0.670860 0.068396 0.192872
4 0.939858 0.635220 0.058962 0.188679
4 0.100825 0.638365 0.041274 0.157233
5 0.985259 0.617400 0.027123 0.123690
5 0.045991 0.634172 0.058962 0.165618
6 0.018868 0.602725 0.037736 0.127883