0 0.596108 0.399371 0.175708 0.316562
0 0.424528 0.398323 0.160377 0.314465
1 0.740566 0.379455 0.113208 0.314465
1 0.292453 0.380503 0.101415 0.299790
2 0.850825 0.378407 0.107311 0.341719
2 0.198113 0.411950 0.084906 0.324948
3 0.938679 0.403564 0.068396 0.257862
3 0.133844 0.440252 0.041274 0.255765
4 0.986439 0.443396 0.027122 0.215933
4 0.098467 0.438155 0.029481 0.243187
0 0.568396 0.568134 0.106132 0.306080
0 0.466392 0.566038 0.095519 0.310273
1 0.681604 0.594340 0.122642 0.278826
1 0.364976 0.595388 0.107311 0.297694
2 0.790684 0.592243 0.100236 0.371069
2 0.264741 0.638365 0.095519 0.291405
3 0.885024 0.649895 0.083726 0.213836
3 0.186321 0.660377 0.061321 0.180294
4 0.954599 0.636268 0.055425 0.207547
4 0.133844 0.646751 0.041274 0.148847