0 0.553656 0.422432 0.182783 0.358491
0 0.371462 0.422432 0.174528 0.333333
1 0.707547 0.400419 0.125000 0.331237
1 0.233491 0.356394 0.099057 0.234801
2 0.827830 0.410901 0.113208 0.377358
2 0.126769 0.314465 0.074292 0.138365
3 0.924528 0.423480 0.077830 0.306080
3 0.063679 0.343816 0.042453 0.109015
4 0.980542 0.462264 0.038915 0.245283
1 0.640330 0.644654 0.115566 0.312369
0 0.521226 0.662474 0.117925 0.243187
2 0.757075 0.654088 0.108491 0.398323
3 0.858491 0.700210 0.094340 0.205451
4 0.939858 0.675052 0.073113 0.201258
5 0.988208 0.656184 0.023584 0.138365