0 0.586675 0.389937 0.182783 0.360587
0 0.405071 0.385744 0.178066 0.339623
1 0.741156 0.379455 0.128538 0.331237
1 0.265330 0.281971 0.087264 0.136268
2 0.863208 0.381551 0.115566 0.381551
2 0.160377 0.253669 0.066038 0.096436
3 0.961085 0.406709 0.077830 0.318658
0 0.561910 0.574423 0.116745 0.360587
0 0.446934 0.560797 0.103774 0.333333
1 0.679835 0.606918 0.121462 0.345912
1 0.343160 0.654088 0.096698 0.188679
2 0.793042 0.614256 0.107311 0.415094
3 0.893868 0.676101 0.091981 0.207547
4 0.969340 0.667715 0.061320 0.199161