0 0.556014 0.417191 0.187500 0.360587
0 0.373821 0.397275 0.172170 0.308176
1 0.709906 0.404612 0.125000 0.339623
2 0.829009 0.406709 0.115566 0.368973
3 0.928066 0.424528 0.084906 0.312369
4 0.984080 0.462264 0.031840 0.241090
1 0.652712 0.626834 0.116745 0.348008
2 0.764151 0.651992 0.103774 0.410901
3 0.862028 0.707547 0.091981 0.236897
4 0.939269 0.685535 0.064858 0.201258
5 0.984670 0.650943 0.030660 0.132075
0 0.532429 0.700210 0.102594 0.180294
1 0.239976 0.317610 0.086085 0.140461
2 0.126769 0.307128 0.067217 0.123690