0 0.595519 0.325996 0.183962 0.341719
0 0.411557 0.327044 0.181604 0.327044
1 0.745283 0.307128 0.113208 0.316562
1 0.261203 0.311321 0.116745 0.295597
2 0.852594 0.316562 0.106132 0.368973
2 0.159788 0.359539 0.093160 0.345912
3 0.939269 0.349057 0.064858 0.299790
3 0.081368 0.386792 0.058962 0.274633
4 0.978774 0.398323 0.042452 0.251572
4 0.029481 0.414046 0.037736 0.228512
0 0.609080 0.772537 0.114387 0.283019
0 0.493514 0.774633 0.109670 0.287212
1 0.719929 0.783019 0.107311 0.320755
1 0.384434 0.790356 0.108491 0.314465
2 0.826651 0.747379 0.106132 0.312369
2 0.276533 0.806080 0.107311 0.383648
3 0.909788 0.752621 0.093160 0.264151
3 0.190448 0.806080 0.097877 0.308176
4 0.966392 0.774633 0.064858 0.270440
4 0.125000 0.802935 0.080189 0.238994
5 0.054245 0.803983 0.106132 0.194969
6 0.043042 0.705451 0.086084 0.119497
7 0.024175 0.633124 0.038915 0.050314