0 0.589623 0.381551 0.169811 0.327044
0 0.417453 0.385744 0.169811 0.322851
1 0.734670 0.366876 0.120283 0.306080
1 0.283019 0.367925 0.094340 0.283019
2 0.846108 0.372117 0.097877 0.337526
2 0.192807 0.401468 0.081368 0.329140
3 0.932783 0.394130 0.073113 0.259958
3 0.125590 0.423480 0.043632 0.251572
4 0.984670 0.427673 0.030660 0.226415
4 0.089623 0.435010 0.028302 0.211740
0 0.565448 0.571279 0.102594 0.278826
0 0.460495 0.566038 0.102594 0.268344
1 0.675708 0.595388 0.115566 0.259958
1 0.359080 0.589099 0.102594 0.276730
2 0.783019 0.593291 0.103774 0.373166
2 0.258844 0.635220 0.095519 0.276730
3 0.878538 0.644654 0.087264 0.211740
3 0.181014 0.633124 0.062500 0.134172
4 0.950472 0.616352 0.061321 0.184486
4 0.125000 0.628931 0.051887 0.155136
5 0.071344 0.635220 0.057783 0.109015