0 0.599646 0.318658 0.180425 0.352201
0 0.415094 0.321803 0.179245 0.337526
1 0.748821 0.309224 0.115566 0.320755
1 0.268868 0.310273 0.115566 0.306080
2 0.857311 0.319706 0.099057 0.362683
2 0.163325 0.354298 0.097877 0.348008
3 0.942217 0.351153 0.066038 0.312369
3 0.085495 0.385744 0.057783 0.276730
4 0.977594 0.397275 0.044811 0.253669
4 0.035967 0.414046 0.043632 0.236897
0 0.610259 0.778826 0.116745 0.291405
0 0.495873 0.784067 0.114387 0.301887
1 0.724646 0.771488 0.112028 0.280922
1 0.385613 0.798742 0.108491 0.322851
2 0.827241 0.759958 0.100236 0.333333
2 0.277712 0.810273 0.107311 0.375262
3 0.912736 0.772537 0.091981 0.303983
3 0.191038 0.813417 0.096698 0.318658
4 0.965212 0.776730 0.069575 0.274633
4 0.127358 0.813417 0.084906 0.251572
5 0.057783 0.809224 0.110849 0.213836
6 0.045991 0.704403 0.089623 0.113208
7 0.025943 0.643606 0.042453 0.050314