0 0.583137 0.464361 0.173349 0.335430
0 0.412736 0.464361 0.165094 0.327044
1 0.727005 0.428721 0.112028 0.314465
1 0.274764 0.453878 0.108491 0.297694
2 0.830778 0.409853 0.095519 0.348008
2 0.178656 0.489518 0.081368 0.335430
3 0.914505 0.427673 0.067217 0.278826
3 0.112028 0.509434 0.049528 0.270440
4 0.965212 0.454927 0.034198 0.220126
4 0.071344 0.522013 0.034198 0.215933
5 0.990566 0.435010 0.018868 0.184486
5 0.041274 0.493711 0.028302 0.176101
0 0.562500 0.626834 0.110849 0.295597
0 0.456958 0.631027 0.100236 0.308176
1 0.673939 0.657233 0.112028 0.268344
1 0.353184 0.674004 0.104953 0.285115
2 0.778302 0.644654 0.091981 0.360587
2 0.253538 0.738994 0.094340 0.272537
3 0.863208 0.682390 0.075472 0.201258
3 0.170991 0.736897 0.068396 0.159329
4 0.929245 0.661426 0.056604 0.188679
4 0.113208 0.714885 0.047170 0.144654
5 0.978774 0.634172 0.042452 0.134172
5 0.056014 0.706499 0.064858 0.140461