0 0.591981 0.406709 0.174528 0.314465
0 0.421580 0.409853 0.166274 0.308176
1 0.737028 0.376310 0.113208 0.299790
1 0.285967 0.386792 0.100236 0.278826
2 0.846698 0.377358 0.113208 0.339623
2 0.194575 0.417191 0.082547 0.331237
3 0.935731 0.405660 0.067217 0.266247
3 0.130896 0.444444 0.044811 0.243187
4 0.984670 0.439203 0.030660 0.220126
4 0.094340 0.468553 0.023585 0.182390
0 0.566627 0.577568 0.104953 0.274633
0 0.465802 0.581761 0.091981 0.283019
1 0.676887 0.603774 0.117925 0.276730
1 0.366156 0.597484 0.104953 0.276730
2 0.785377 0.592243 0.099057 0.383648
2 0.268868 0.595388 0.087264 0.201258
3 0.877358 0.647799 0.084906 0.201258
4 0.949292 0.633124 0.058962 0.188679