0 0.559552 0.422432 0.185142 0.362683
0 0.380307 0.389937 0.170991 0.268344
1 0.715802 0.406709 0.125000 0.335430
2 0.838443 0.404612 0.115566 0.368973
3 0.933962 0.422432 0.075472 0.316562
4 0.986439 0.461216 0.027122 0.259958
1 0.653302 0.622642 0.117925 0.348008
2 0.767099 0.645702 0.109670 0.419287
3 0.866156 0.694969 0.088443 0.211740
4 0.941627 0.679245 0.062500 0.192872
5 0.987618 0.647799 0.024764 0.129979
1 0.237618 0.293501 0.076651 0.109015
2 0.132665 0.305031 0.069575 0.127883
0 0.530660 0.686583 0.099057 0.182390