0 0.588443 0.319706 0.176887 0.360587
0 0.408019 0.324948 0.183962 0.333333
1 0.737028 0.307128 0.117925 0.318658
1 0.256486 0.311321 0.116745 0.297694
2 0.845519 0.319706 0.106132 0.360587
2 0.152712 0.351153 0.090802 0.352201
3 0.932193 0.346960 0.062500 0.297694
3 0.075472 0.385744 0.056604 0.270440
4 0.968750 0.390985 0.050708 0.255765
4 0.027123 0.410901 0.044811 0.232704
0 0.486439 0.790356 0.114387 0.303983
1 0.375000 0.803983 0.108491 0.314465
1 0.713443 0.794549 0.115566 0.316562
2 0.819575 0.788260 0.099057 0.379455
2 0.266509 0.811845 0.103774 0.376310
3 0.900354 0.783019 0.100236 0.318658
3 0.179245 0.816562 0.094340 0.318658
4 0.959906 0.783019 0.080188 0.272537
4 0.116745 0.811321 0.087264 0.232704
5 0.049528 0.812369 0.099056 0.192872
6 0.042453 0.703354 0.084906 0.109015
7 0.021226 0.655136 0.042452 0.046122