0 0.590212 0.330189 0.178066 0.339623
0 0.412146 0.328092 0.175708 0.327044
1 0.740566 0.311321 0.115566 0.314465
1 0.262972 0.311321 0.125000 0.297694
2 0.849057 0.316562 0.103774 0.358491
2 0.153892 0.350105 0.083726 0.350105
3 0.935731 0.345912 0.067217 0.299790
3 0.081368 0.385744 0.061321 0.283019
4 0.972288 0.400419 0.048349 0.228512
4 0.029481 0.417191 0.040094 0.232704
1 0.717571 0.798742 0.109670 0.316562
1 0.380307 0.808176 0.109670 0.314465
0 0.491745 0.798742 0.108491 0.308176
2 0.824882 0.801363 0.102594 0.397274
2 0.272995 0.813941 0.107311 0.372117
3 0.906250 0.770440 0.093160 0.276730
3 0.182783 0.824948 0.091981 0.318658
4 0.962264 0.783019 0.075472 0.268344
4 0.121462 0.817610 0.084906 0.236897
5 0.053656 0.817610 0.107311 0.203354
6 0.043042 0.707547 0.086084 0.100629
7 0.025354 0.657233 0.043632 0.058700