0 0.593160 0.388889 0.183962 0.364780
0 0.414505 0.394130 0.170991 0.341719
1 0.750000 0.378407 0.127358 0.322851
1 0.272406 0.262055 0.070755 0.098532
2 0.870283 0.387841 0.117925 0.375262
3 0.964623 0.407757 0.070754 0.318658
0 0.568396 0.585954 0.108491 0.327044
0 0.454599 0.575472 0.104953 0.306080
1 0.685142 0.595388 0.120283 0.345912
1 0.351415 0.660377 0.099057 0.190776
2 0.798939 0.625786 0.109670 0.410901
3 0.898585 0.690776 0.089623 0.226415
4 0.970519 0.672956 0.056604 0.207547
2 0.168632 0.254717 0.054245 0.088050