0 0.576651 0.444444 0.172170 0.333333
0 0.406250 0.448637 0.166274 0.329140
1 0.718750 0.406709 0.107311 0.316562
1 0.268868 0.436059 0.108491 0.291405
2 0.821934 0.387841 0.101415 0.354298
2 0.170991 0.463312 0.082547 0.333333
3 0.908608 0.410901 0.069575 0.257862
3 0.104953 0.489518 0.051887 0.255765
4 0.956958 0.431866 0.029481 0.215933
4 0.062500 0.496855 0.030660 0.228512
5 0.985259 0.415094 0.024764 0.199161
5 0.031250 0.469602 0.029481 0.174004
0 0.554245 0.607966 0.106132 0.308176
0 0.452241 0.607966 0.100236 0.299790
1 0.663325 0.633124 0.109670 0.270440
1 0.351415 0.651992 0.099057 0.283019
2 0.767099 0.617400 0.100236 0.360587
2 0.248821 0.705451 0.101415 0.276730
3 0.856722 0.669811 0.079009 0.209644
3 0.162736 0.709644 0.070755 0.167715
4 0.916274 0.639413 0.077830 0.199161
4 0.103184 0.690776 0.045991 0.142558
5 0.971698 0.623690 0.056604 0.159329
5 0.046580 0.686583 0.062500 0.150943