0 0.568396 0.394130 0.176887 0.345912
0 0.391509 0.393082 0.172170 0.327044
1 0.717571 0.377358 0.119104 0.320755
1 0.254717 0.373166 0.103774 0.299790
2 0.833137 0.375262 0.119104 0.350105
2 0.163915 0.398323 0.087264 0.333333
3 0.926887 0.394130 0.075472 0.303983
3 0.097288 0.416143 0.048349 0.268344
4 0.982311 0.440252 0.035377 0.236897
4 0.061321 0.446541 0.030660 0.211740
5 0.027712 0.481132 0.036557 0.067086
0 0.546580 0.575472 0.102594 0.297694
0 0.438090 0.573375 0.100236 0.289308
1 0.657429 0.607966 0.109670 0.287212
1 0.332547 0.594340 0.099057 0.293501
2 0.765920 0.607966 0.100236 0.358491
2 0.229953 0.655136 0.101415 0.306080
3 0.858491 0.628931 0.094340 0.257862
3 0.157429 0.626834 0.086085 0.249476
4 0.932783 0.612159 0.068396 0.245283
4 0.097288 0.636268 0.041274 0.192872
5 0.983491 0.605870 0.033018 0.174004
5 0.043632 0.612159 0.061321 0.142558
6 0.018868 0.589099 0.037736 0.121593