0 0.584906 0.393082 0.172170 0.362683
0 0.415094 0.410901 0.162736 0.343816
1 0.724646 0.363732 0.109670 0.333333
1 0.272995 0.400419 0.112028 0.314465
2 0.826061 0.354298 0.093160 0.364780
2 0.173349 0.439203 0.089623 0.345912
3 0.903302 0.368973 0.061321 0.293501
3 0.099057 0.453878 0.056604 0.291405
4 0.949882 0.389937 0.034198 0.234801
4 0.051887 0.481132 0.037736 0.232704
5 0.975825 0.384696 0.022406 0.224319
5 0.016509 0.467505 0.033018 0.201258
6 0.992925 0.374214 0.014150 0.144654
0 0.576061 0.800839 0.112028 0.301887
0 0.466981 0.805031 0.101415 0.297694
1 0.685731 0.800839 0.104953 0.301887
1 0.366745 0.821803 0.101415 0.310273
2 0.790094 0.785115 0.099057 0.375262
2 0.267099 0.829140 0.093160 0.341719
3 0.864387 0.766247 0.091981 0.303983
3 0.183373 0.829140 0.083726 0.287212
4 0.920401 0.748428 0.083726 0.238994
4 0.127948 0.824948 0.076651 0.228512
5 0.969929 0.721174 0.060142 0.184486
5 0.061910 0.824948 0.095519 0.190776
6 0.964623 0.598532 0.070754 0.069182
6 0.043042 0.737945 0.086084 0.159329
7 0.984080 0.559748 0.031840 0.062893
7 0.027712 0.666667 0.050708 0.067086