0 0.576061 0.446541 0.173349 0.329140
0 0.403892 0.454927 0.173349 0.337526
1 0.717571 0.416143 0.109670 0.301887
1 0.265920 0.442348 0.100236 0.299790
2 0.823703 0.396226 0.102594 0.345912
2 0.172759 0.472746 0.083726 0.327044
3 0.907429 0.417191 0.067217 0.270440
3 0.104953 0.491614 0.051887 0.264151
4 0.955778 0.444444 0.031840 0.224319
4 0.060731 0.502096 0.031840 0.226415
5 0.985849 0.427673 0.028302 0.190776
5 0.031840 0.479036 0.023585 0.180294
0 0.553066 0.614256 0.108491 0.320755
0 0.448703 0.611111 0.100236 0.318658
1 0.665094 0.644654 0.113208 0.268344
1 0.347877 0.653040 0.103774 0.285115
2 0.768868 0.635220 0.094340 0.366876
2 0.247052 0.720126 0.097877 0.259958
3 0.856132 0.669811 0.080189 0.192872
3 0.164505 0.714885 0.067217 0.153040
4 0.919222 0.643606 0.064858 0.182390
4 0.105542 0.691824 0.050708 0.140461
5 0.975236 0.629979 0.049528 0.155136
5 0.047170 0.690776 0.063679 0.142558