0 0.576651 0.390985 0.169811 0.350105
0 0.408019 0.402516 0.165094 0.343816
1 0.721108 0.360587 0.112028 0.327044
1 0.268278 0.397275 0.112028 0.308176
2 0.821934 0.342767 0.091981 0.366876
2 0.168632 0.431866 0.087264 0.352201
3 0.900354 0.365828 0.064858 0.283019
3 0.095519 0.458071 0.054245 0.274633
4 0.942807 0.389937 0.027123 0.234801
4 0.050118 0.480084 0.031840 0.230608
5 0.969340 0.392034 0.023585 0.209644
5 0.015920 0.473795 0.031840 0.218029
6 0.989976 0.373166 0.020047 0.150943
0 0.571934 0.790356 0.115566 0.289308
0 0.461675 0.792453 0.102594 0.293501
1 0.681604 0.790356 0.108491 0.293501
1 0.360259 0.820755 0.097877 0.324948
2 0.784198 0.777778 0.099057 0.364780
2 0.264151 0.822851 0.094340 0.350105
3 0.859080 0.763103 0.093160 0.318658
3 0.181604 0.825996 0.089623 0.285115
4 0.915684 0.740042 0.076651 0.238994
4 0.123821 0.813417 0.073113 0.222222
5 0.966392 0.711740 0.067216 0.190776
5 0.061910 0.812369 0.095519 0.190776
6 0.963443 0.592243 0.073113 0.052411
6 0.038915 0.729560 0.077830 0.159329
7 0.981132 0.552411 0.037736 0.060797
7 0.024764 0.661426 0.047170 0.060797